 0 2046047 
 1 6016104 
 2 5003970 
 3 4078892 
 4 6089135 
 5 1090832 
 6 6166951 
 7 6005709 
 8 7096594 
 9 4082357 
 10 3080398 
 11 3059996 
 12 3052461 
 13 3076108 
 14 3136492 
 15 990414 
 16 5107578 
 17 43119 
 18 1122069 
 19 1027151 
 20 1024071 
 21 149697 
 22 4001406 
 23 1167823 
 24 5061549 
 25 1017031 
 26 4074987 
 27 170814 
 28 3181641 
 29 75566 
 30 3181201 
 31 3999646 
 32 5161142 
 33 4031598 
 34 5138430 
 35 3028869 
 36 1090392 
 37 4125636 
 38 2078494 
 39 3151449 
 40 2054242 
 41 7041325 
 42 1078295 
 43 2074809 
 44 2096036 
 45 2173907 
 46 7086914 
 47 4077462 
 48 12267 
 49 6088365 
 50 148542 
 51 4085547 
 52 4162923 
 53 6035131 
 54 3085568 
 55 44494 
 56 1039963 
 57 3075778 
 58 2017285 
 59 125830 
 60 4105729 
 61 7160220 
 62 5087176 
 63 2049512 
 64 126930 
 65 1070100 
 66 4012626 
 67 7088564 
 68 3030299 
 69 72981 
 70 89918 
 71 1098862 
 72 5005180 
 73 7986200 
 74 1117779 
 75 1027591 
 76 2132718 
 77 1115854 
 78 4126406 
 79 5058194 
 80 6163926 
 81 2097741 
 82 4161768 
 83 3031949 
 84 3132642 
 85 1020386 
 86 38664 
 87 6057953 
 88 3006597 
 89 1993363 
 90 2045607 
 91 5142665 
 92 7122716 
 93 7163630 
 94 2075744 
 95 1993638 
 96 7063817 
 97 5157787 
 98 3185711 
 99 3180266 
 100 3122907 
 101 3085073 
 102 5012715 
 103 1175743 
 104 4188110 
 105 2004088 
 106 2174842 
 107 115600 
 108 7068272 
 109 5115333 
 110 94538 
 111 6107997 
 112 7086639 
 113 3135227 
 114 3132972 
 115 5055114 
 116 1027811 
 117 4001901 
 118 2127933 
 119 7019658 
 120 7033625 
 121 3179826 
 122 1177063 
 123 6008239 
 124 5056599 
 125 4110954 
 126 1094132 
 127 6034251 
 128 7118316 
 129 1118934 
 130 3020949 
 131 6115807 
 132 169274 
 133 3077318 
 134 17052 
 135 6035791 
 136 2178307 
 137 3002967 
 138 3157719 
 139 3154639 
 140 4060800 
 141 1091987 
 142 113565 
 143 2072279 
 144 3074678 
 145 7109736 
 146 6089355 
 147 6092655 
 148 2001668 
 149 5038452 
 150 7137013 
 151 1028636 
 152 4128056 
 153 5027947 
 154 3183401 
 155 3998931 
 156 7123761 
 157 5163452 
 158 7038850 
 159 3028209 
 160 11552 
 161 67536 
 162 7034230 
 163 3004562 
 164 2105386 
 165 6013464 
 166 14687 
 167 69736 
 168 6059273 
 169 6062463 
 170 5011725 
 171 144582 
 172 5028332 
 173 122475 
 174 3055926 
 175 3053616 
 176 118845 
 177 3175151 
 178 144417 
 179 5005125 
 180 1097982 
 181 4099899 
 182 6088475 
 183 1120529 
 184 2027515 
 185 6009064 
 186 2154990 
 187 1068450 
 188 3106410 
 189 7143118 
 190 3127362 
 191 6008624 
 192 6118832 
 193 3049766 
 194 2080914 
 195 2020310 
 196 3184391 
 197 6058063 
 198 2170992 
 199 4001351 
 200 6168436 
 201 1053493 
 202 7036925 
 203 6009394 
 204 7169295 
 205 1152756 
 206 7142568 
 207 7041160 
 208 123795 
 209 6163321 
 210 2127438 
 211 6056193 
 212 4180300 
 213 4076252 
 214 1092262 
 215 2075249 
 216 7137728 
 217 145297 
 218 6088915 
 219 36629 
 220 1173158 
 221 2170937 
 222 6109977 
 223 13477 
 224 5031742 
 225 64566 
 226 22442 
 227 5084591 
 228 38499 
 229 7139708 
 230 176149 
 231 7018833 
 232 1169198 
 233 5078706 
 234 4183820 
 235 1142361 
 236 7042480 
 237 3001867 
 238 170099 
 239 4004156 
 240 2055562 
 241 2170772 
 242 44824 
 243 6007854 
 244 4036328 
 245 6011924 
 246 1074170 
 247 2179737 
 248 4100229 
 249 21837 
 250 3060271 
 251 4027858 
 252 10727 
 253 7041380 
 254 6034911 
 255 5132930 
 256 3048336 
 257 5133260 
 258 6138684 
 259 4153793 
 260 1102987 
 261 7999235 
 262 6065103 
 263 5136175 
 264 3129947 
 265 7167260 
 266 2103681 
 267 6066313 
 268 5059074 
 269 2071014 
 270 3182906 
 271 1999248 
 272 4050350 
 273 4125361 
 274 5110493 
 275 2129968 
 276 3021059 
 277 4162813 
 278 4058270 
 279 7042810 
 280 3105365 
 281 6112122 
 282 7994230 
 283 3161074 
 284 5086131 
 285 2150645 
 286 7020318 
 287 6157381 
 288 6065763 
 289 3001757 
 290 7169240 
 291 6139234 
 292 6137639 
 293 7119636 
 294 4186295 
 295 4006356 
 296 1065040 
 297 4134161 
 298 170704 
 299 2055067 
 300 4133831 
 301 98388 
 302 2182377 
 303 4127341 
 304 7068712 
 305 4186350 
 306 7036320 
 307 4112054 
 308 3034919 
 309 4187725 
 310 1172608 
 311 6113552 
 312 1180638 
 313 4157478 
 314 4081092 
 315 4125966 
 316 3173941 
 317 7123101 
 318 1118164 
 319 3051361 
 320 4082082 
 321 4059755 
 322 4187670 
 323 1099247 
 324 4180630 
 325 990359 
 326 7160880 
 327 6063013 
 328 4031378 
 329 4049745 
 330 7109791 
 331 7097364 
 332 3076933 
 333 5032677 
 334 144307 
 335 1174588 
 336 2029990 
 337 1094352 
 338 5105378 
 339 6012859 
 340 1045023 
 341 1074060 
 342 4009601 
 343 1995673 
 344 5108843 
 345 3174821 
 346 5078871 
 347 4027308 
 348 4185415 
 349 1071915 
 350 2021355 
 351 6083305 
 352 47739 
 353 2152460 
 354 5052144 
 355 5059624 
 356 2995817 
 357 3175646 
 358 2179517 
 359 1024566 
 360 5164717 
 361 2047312 
 362 6108602 
 363 2074039 
 364 7137398 
 365 4139441 
 366 6171131 
 367 74631 
 368 4138726 
 369 3077373 
 370 2183367 
 371 7017898 
 372 5065014 
 373 4026923 
 374 3075998 
 375 991294 
 376 5032072 
 377 1169363 
 378 176589 
 379 5130620 
 380 4056620 
 381 5162132 
 382 3177956 
 383 4132291 
 384 6059603 
 385 4034733 
 386 2000678 
 387 1050578 
 388 114005 
 389 2081629 
 390 1015436 
 391 3060051 
 392 1103702 
 393 145902 
 394 3156014 
 395 1168978 
 396 1001084 
 397 96188 
 398 1153636 
 399 7169405 
 400 4049360 
 401 4033523 
 402 1068615 
 403 6011099 
 404 7071462 
 405 5005345 
 406 3156894 
 407 7071572 
 408 1052118 
 409 6169591 
 410 7992635 
 411 1069495 
 412 6144349 
 413 45429 
 414 7141413 
 415 42074 
 416 119010 
 417 6136319 
 418 1017141 
 419 2069694 
 420 174334 
 421 5080576 
 422 3160744 
 423 2105221 
 424 7018558 
 425 6170471 
 426 3046081 
 427 5110273 
 428 7060737 
 429 1148411 
 430 115820 
 431 1092152 
 432 5039882 
 433 4075042 
 434 177414 
 435 1128834 
 436 4182830 
 437 6060758 
 438 7994890 
 439 7088014 
 440 4002396 
 441 7166435 
 442 4007181 
 443 6113112 
 444 101633 
 445 3074513 
 446 4189540 
 447 165534 
 448 4037758 
 449 7168965 
 450 5062924 
 451 3152384 
 452 1996553 
 453 138202 
 454 3157114 
 455 168339 
 456 23377 
 457 4152803 
 458 138037 
 459 7088179 
 460 144747 
 461 5161692 
 462 3133852 
 463 3121862 
 464 61871 
 465 7094449 
 466 7166380 
 467 2081574 
 468 6095075 
 469 7121616 
 470 6143359 
 471 1177448 
 472 4137351 
 473 172244 
 474 7109846 
 475 7044460 
 476 6038431 
 477 3008412 
 478 2098291 
 479 3184886 
 480 4025768 
 481 164214 
 482 4129266 
 483 5155367 
 484 1091932 
 485 7160330 
 486 990744 
 487 112465 
 488 4135866 
 489 42404 
 490 1100457 
 491 7037860 
 492 5137440 
 493 2049787 
 494 2050117 
 495 2106816 
 496 4112879 
 497 1148741 
 498 6055423 
 499 7090874 
 500 166689 
 501 6113442 
 502 2002713 
 503 3151834 
 504 3101405 
 505 7010748 
 506 2048192 
 507 7147188 
 508 7112816 
 509 6017534 
 510 4186515 
 511 7989555 
 512 96078 
 513 2031805 
 514 4035118 
 515 5112913 
 516 7014543 
 517 6081930 
 518 1166888 
 519 17877 
 520 1095397 
 521 4056290 
 522 1045078 
 523 2170277 
 524 6012199 
 525 5163947 
 526 2148170 
 527 2094441 
 528 7173860 
 529 7017018 
 530 3177626 
 531 7068492 
 532 14577 
 533 2170332 
 534 1172223 
 535 116370 
 536 1052558 
 537 7988015 
 538 6030951 
 539 4027583 
 540 2180837 
 541 5107248 
 542 7167095 
 543 1996663 
 544 62916 
 545 5168237 
 546 4103474 
 547 3051196 
 548 1019341 
 549 7034890 
 550 5031302 
 551 91183 
 552 88158 
 553 4113649 
 554 3049601 
 555 4101164 
 556 3152164 
 557 2021190 
 558 1076865 
 559 1145716 
 560 1066085 
 561 3147544 
 562 7084659 
 563 4005531 
 564 148322 
 565 40314 
 566 6018359 
 567 3161844 
 568 7040005 
 569 996629 
 570 4177055 
 571 3148204 
 572 7147298 
 573 6086220 
 574 3083698 
 575 7058537 
 576 6157656 
 577 1094902 
 578 6086055 
 579 7092744 
 580 4128551 
 581 6043491 
 582 3134457 
 583 7995880 
 584 4182225 
 585 6139894 
 586 2046322 
 587 5164497 
 588 2026195 
 589 3048556 
 590 7012013 
 591 4076747 
 592 5012990 
 593 6064993 
 594 1091107 
 595 7089664 
 596 143317 
 597 1994793 
 598 3187361 
 599 7016853 
 600 2179792 
 601 1128724 
 602 1149071 
 603 3075668 
 604 5032292 
 605 46529 
 606 1025941 
 607 5135955 
 608 3133687 
 609 62091 
 610 1091822 
 611 1129384 
 612 3128902 
 613 3004122 
 614 6034526 
 615 6044316 
 616 1020496 
 617 1092757 
 618 5139365 
 619 7148563 
 620 2023225 
 621 4136471 
 622 6115752 
 623 1071090 
 624 168174 
 625 6040246 
 626 997454 
 627 1992593 
 628 5009525 
 629 94758 
 630 4033633 
 631 6157601 
 632 5116433 
 633 4189980 
 634 1014061 
 635 5066169 
 636 7012068 
 637 1178658 
 638 5060394 
 639 994099 
 640 5053849 
 641 2071729 
 642 1103427 
 643 2144595 
 644 7041270 
 645 6081215 
 646 1069275 
 647 2055177 
 648 6135824 
 649 7034560 
 650 1142031 
 651 7066347 
 652 4006026 
 653 4178210 
 654 5061769 
 655 3149689 
 656 6090675 
 657 7986695 
 658 2069254 
 659 5039552 
 660 1178273 
 661 2081684 
 662 996849 
 663 2076789 
 664 5040817 
 665 991019 
 666 7110726 
 667 4012571 
 668 7016633 
 669 152062 
 670 2044067 
 671 2004418 
 672 5001275 
 673 3026339 
 674 1075710 
 675 2156035 
 676 4184315 
 677 1049643 
 678 3048006 
 679 1020221 
 680 2045827 
 681 2043737 
 682 94593 
 683 1995233 
 684 994979 
 685 1180143 
 686 5028167 
 687 1074665 
 688 3180101 
 689 1018736 
 690 7116611 
 691 7141743 
 692 2174292 
 693 5166202 
 694 4129431 
 695 3161184 
 696 6092545 
 697 7993295 
 698 6010549 
 699 4180685 
 700 5112968 
 701 6009889 
 702 6038211 
 703 1002184 
 704 6030016 
 705 6167171 
 706 2050777 
 707 5114453 
 708 1021376 
 709 5106863 
 710 5084646 
 711 3130717 
 712 4103584 
 713 6086000 
 714 1168153 
 715 3179881 
 716 5010515 
 717 46584 
 718 997674 
 719 2145475 
 720 7994285 
 721 1101997 
 722 4160228 
 723 4007951 
 724 97508 
 725 4152693 
 726 6060043 
 727 7067282 
 728 7011683 
 729 2121223 
 730 2182047 
 731 64951 
 732 115930 
 733 2150920 
 734 4190090 
 735 68086 
 736 7046605 
 737 4060690 
 738 6011319 
 739 1166668 
 740 1040733 
 741 6158646 
 742 5158887 
 743 7035990 
 744 2094936 
 745 1099907 
 746 4080542 
 747 14412 
 748 7145428 
 749 6132304 
 750 2081464 
 751 3159149 
 752 15402 
 753 3131487 
 754 5059844 
 755 6080720 
 756 65116 
 757 3027824 
 758 1151546 
 759 5107523 
 760 99488 
 761 4081862 
 762 5001440 
 763 1179648 
 764 3101570 
 765 1996883 
 766 7007888 
 767 97233 
 768 2098181 
 769 6007744 
 770 150247 
 771 2043407 
 772 6056413 
 773 3005387 
 774 6163871 
 775 3109710 
 776 4076527 
 777 3175921 
 778 1100897 
 779 7092139 
 780 7993075 
 781 45814 
 782 6170966 
 783 3174766 
 784 2123643 
 785 150742 
 786 2056772 
 787 989204 
 788 4111394 
 789 1141591 
 790 5084811 
 791 4130916 
 792 69681 
 793 7070252 
 794 6087320 
 795 3099095 
 796 2029110 
 797 992944 
 798 2183037 
 799 1044198 
 800 2043572 
 801 4178595 
 802 1149456 
 803 3131982 
 804 6142369 
 805 4101329 
 806 5008150 
 807 6043656 
 808 2147015 
 809 6092105 
 810 3024249 
 811 4024558 
 812 5089101 
 813 4005201 
 814 7059527 
 815 2147730 
 816 4100119 
 817 6114872 
 818 41689 
 819 4109689 
 820 5088441 
 821 172904 
 822 1099302 
 823 3029474 
 824 6066093 
 825 2128318 
 826 7063432 
 827 3004837 
 828 2124193 
 829 7166160 
 830 7161045 
 831 3085183 
 832 4112439 
 833 3004397 
 834 5088881 
 835 7040335 
 836 5058359 
 837 1177998 
 838 7135143 
 839 5168072 
 840 2144485 
 841 7141633 
 842 1100237 
 843 1995563 
 844 7095989 
 845 173014 
 846 7037475 
 847 2076074 
 848 2054682 
 849 6095020 
 850 4057885 
 851 4031818 
 852 4101604 
 853 1173103 
 854 116755 
 855 5030037 
 856 1077250 
 857 1100732 
 858 1093142 
 859 1002844 
 860 142602 
 861 121375 
 862 2152185 
 863 6064168 
 864 7123211 
 865 2119793 
 866 116700 
 867 4050955 
 868 7086749 
 869 13697 
 870 7162365 
 871 165644 
 872 5081951 
 873 3099865 
 874 1046288 
 875 3055816 
 876 992834 
 877 98113 
 878 2043957 
 879 1118109 
 880 7110011 
 881 169824 
 882 3999041 
 883 5085581 
 884 6016819 
 885 3184556 
 886 1041063 
 887 174719 
 888 4032918 
 889 6010769 
 890 6114982 
 891 3185326 
 892 5062429 
 893 4126296 
 894 93163 
 895 4007346 
 896 1095782 
 897 4162648 
 898 6005764 
 899 2052922 
 900 6011374 
 901 21177 
 902 3101680 
 903 2107091 
 904 5006885 
 905 151182 
 906 4050405 
 907 1178108 
 908 7070967 
 909 6110032 
 910 7988785 
 911 5104883 
 912 5112748 
 913 3101955 
 914 5055059 
 915 6110582 
 916 1068010 
 917 41414 
 918 3134402 
 919 16447 
 920 3109985 
 921 3006542 
 922 1051733 
 923 7119086 
 924 5032512 
 925 1121794 
 926 7068382 
 927 2074699 
 928 4005091 
 929 1128119 
 930 1051458 
 931 68636 
 932 6139289 
 933 4179255 
 934 164709 
 935 2075469 
 936 4003936 
 937 2022180 
 938 3084853 
 939 5165927 
 940 6012034 
 941 49334 
 942 5031412 
 943 6007139 
 944 2026580 
 945 4180575 
 946 4157918 
 947 2145640 
 948 3103165 
 949 7069427 
 950 4077957 
 951 90193 
 952 4134711 
 953 4075922 
 954 1048598 
 955 3110425 
 956 3050151 
 957 3105145 
 958 4059920 
 959 3031729 
 960 2102581 
 961 4049635 
 962 3135722 
 963 122915 
 964 3008302 
 965 1018131 
 966 2030650 
 967 6035681 
 968 4036163 
 969 1027371 
 970 3055871 
 971 7016138 
 972 3025514 
 973 3161624 
 974 148707 
 975 1049533 
 976 4127396 
 977 6094635 
 978 7088069 
 979 7992360 
 980 7166985 
 981 7985595 
 982 6160131 
 983 5141730 
 984 3175261 
 985 4186735 
 986 3034534 
 987 4112604 
 988 4103089 
 989 2171927 
 990 6014179 
 991 4181455 
 992 2153560 
 993 1090722 
 994 2095266 
 995 1151821 
 996 3078198 
 997 3081058 
 998 2057212 
 999 6168161 
 1000 2056442 
 1001 4081807 
 1002 6042006 
 1003 5090256 
 1004 2148665 
 1005 3099920 
 1006 2132333 
 1007 7072067 
 1008 6086550 
 1009 3074843 
 1010 147992 
 1011 3027054 
 1012 3998546 
 1013 4033248 
 1014 2027240 
 1015 39324 
 1016 1074335 
 1017 3173226 
 1018 7994120 
 1019 7091204 
 1020 5027342 
 1021 5062319 
 1022 7143503 
 1023 44274 
 1024 145957 
 1025 2054627 
 1026 1097872 
 1027 6139124 
 1028 998884 
 1029 4181345 
 1030 4178100 
 1031 6161836 
 1032 20132 
 1033 5001770 
 1034 6010054 
 1035 117965 
 1036 4085932 
 1037 1176733 
 1038 4100009 
 1039 19362 
 1040 3182851 
 1041 7087629 
 1042 6106677 
 1043 2178967 
 1044 4085492 
 1045 7170340 
 1046 16227 
 1047 6107172 
 1048 3102450 
 1049 148652 
 1050 2051712 
 1051 4080982 
 1052 4050185 
 1053 5084866 
 1054 6082480 
 1055 6144074 
 1056 6119602 
 1057 5160262 
 1058 1168483 
 1059 3059446 
 1060 4112769 
 1061 3157224 
 1062 7121781 
 1063 2104176 
 1064 4029123 
 1065 6156886 
 1066 7014213 
 1067 2056827 
 1068 2097026 
 1069 7139818 
 1070 1022586 
 1071 2080309 
 1072 3084468 
 1073 68581 
 1074 2004693 
 1075 3026504 
 1076 6006039 
 1077 7121231 
 1078 5141015 
 1079 3099810 
 1080 1092097 
 1081 6095130 
 1082 6066753 
 1083 3082873 
 1084 42844 
 1085 6144844 
 1086 7043910 
 1087 6033151 
 1088 4103199 
 1089 2183147 
 1090 1100292 
 1091 5027837 
 1092 44439 
 1093 4059700 
 1094 1069440 
 1095 1179923 
 1096 2124908 
 1097 3127087 
 1098 5060449 
 1099 1126909 
 1100 7094174 
 1101 43339 
 1102 1096827 
 1103 7060902 
 1104 2005353 
 1105 4003111 
 1106 1040293 
 1107 5064849 
 1108 2170607 
 1109 3022544 
 1110 7098299 
 1111 90633 
 1112 4136251 
 1113 996684 
 1114 4125691 
 1115 2996972 
 1116 2021245 
 1117 66821 
 1118 4024228 
 1119 1179043 
 1120 4112219 
 1121 6035406 
 1122 119230 
 1123 5166147 
 1124 3026559 
 1125 5036692 
 1126 7135033 
 1127 6113607 
 1128 97013 
 1129 2046652 
 1130 6018524 
 1131 5163562 
 1132 2045112 
 1133 7086254 
 1134 2017945 
 1135 4104739 
 1136 2177922 
 1137 5038287 
 1138 7141523 
 1139 3099590 
 1140 2073214 
 1141 5104498 
 1142 123905 
 1143 2077284 
 1144 7172705 
 1145 4012461 
 1146 4135536 
 1147 4007291 
 1148 7164290 
 1149 38554 
 1150 66656 
 1151 4176340 
 1152 6064003 
 1153 6159086 
 1154 1075545 
 1155 4077022 
 1156 7041710 
 1157 1014721 
 1158 141557 
 1159 5193259 
 1160 5114178 
 1161 4176120 
 1162 5108018 
 1163 3109875 
 1164 7998135 
 1165 2074259 
 1166 5111758 
 1167 4106554 
 1168 4051285 
 1169 4139111 
 1170 1121959 
 1171 4129101 
 1172 6035186 
 1173 5091081 
 1174 4023458 
 1175 6037001 
 1176 123740 
 1177 6164256 
 1178 7085539 
 1179 2080969 
 1180 5107303 
 1181 6143469 
 1182 4008941 
 1183 5157732 
 1184 7134758 
 1185 2157630 
 1186 3045751 
 1187 1102382 
 1188 1127789 
 1189 5157127 
 1190 1155671 
 1191 6081490 
 1192 7014763 
 1193 3179111 
 1194 6106182 
 1195 6143579 
 1196 7017623 
 1197 4108644 
 1198 4114254 
 1199 168834 
 1200 5140740 
 1201 137927 
 1202 14797 
 1203 2126063 
 1204 2029440 
 1205 49114 
 1206 5131335 
 1207 4105014 
 1208 4055025 
 1209 4023623 
 1210 94208 
 1211 2171157 
 1212 6160461 
 1213 6113387 
 1214 2181772 
 1215 2050392 
 1216 2121113 
 1217 7992305 
 1218 7115071 
 1219 100698 
 1220 5033557 
 1221 5036307 
 1222 1046893 
 1223 6082150 
 1224 5135405 
 1225 6134339 
 1226 7065522 
 1227 5115003 
 1228 7061342 
 1229 6010934 
 1230 7143228 
 1231 6007579 
 1232 6119987 
 1233 7119746 
 1234 4179805 
 1235 169384 
 1236 4075757 
 1237 1020771 
 1238 165424 
 1239 4079277 
 1240 2121993 
 1241 6063343 
 1242 45154 
 1243 5112253 
 1244 3152439 
 1245 7998685 
 1246 7985760 
 1247 5078266 
 1248 1149181 
 1249 5027232 
 1250 4109964 
 1251 7134703 
 1252 6092765 
 1253 5132160 
 1254 17547 
 1255 2024490 
 1256 4177110 
 1257 87938 
 1258 2127218 
 1259 2173137 
 1260 4162153 
 1261 1071970 
 1262 7089444 
 1263 4112164 
 1264 3158049 
 1265 3054551 
 1266 1146321 
 1267 3058676 
 1268 4081697 
 1269 3104045 
 1270 4034458 
 1271 3149524 
 1272 2104396 
 1273 7115896 
 1274 4178375 
 1275 6011044 
 1276 2022455 
 1277 1171563 
 1278 7139213 
 1279 6060648 
 1280 13092 
 1281 5010295 
 1282 6140939 
 1283 1996388 
 1284 141282 
 1285 48234 
 1286 3160909 
 1287 993549 
 1288 100808 
 1289 5037902 
 1290 7060462 
 1291 5105873 
 1292 6140829 
 1293 6163981 
 1294 118790 
 1295 4184590 
 1296 1117559 
 1297 168394 
 1298 2081244 
 1299 6080830 
 1300 4131631 
 1301 4028023 
 1302 5077881 
 1303 1018076 
 1304 118130 
 1305 6143139 
 1306 6081600 
 1307 1999083 
 1308 2049732 
 1309 3078528 
 1310 7038630 
 1311 7173035 
 1312 3161019 
 1313 3148809 
 1314 4002561 
 1315 5032842 
 1316 6015444 
 1317 1153581 
 1318 7067997 
 1319 151952 
 1320 2077944 
 1321 5129135 
 1322 5037737 
 1323 2081299 
 1324 1123389 
 1325 3052021 
 1326 5116378 
 1327 6088310 
 1328 1998038 
 1329 1015216 
 1330 4052440 
 1331 7085704 
 1332 38994 
 1333 990469 
 1334 149807 
 1335 144967 
 1336 6134119 
 1337 994374 
 1338 95363 
 1339 4160613 
 1340 4000581 
 1341 7062167 
 1342 4003331 
 1343 4108424 
 1344 4001131 
 1345 4108479 
 1346 6017149 
 1347 6080665 
 1348 2045992 
 1349 89533 
 1350 16667 
 1351 4030608 
 1352 4138231 
 1353 4131906 
 1354 5040542 
 1355 118185 
 1356 119175 
 1357 994759 
 1358 2054517 
 1359 6165356 
 1360 7987685 
 1361 65886 
 1362 6014509 
 1363 1093637 
 1364 3124337 
 1365 2149875 
 1366 7070637 
 1367 5108348 
 1368 6116137 
 1369 2074754 
 1370 2174512 
 1371 5079641 
 1372 5003860 
 1373 4000526 
 1374 2078109 
 1375 7090544 
 1376 4050735 
 1377 2052427 
 1378 122805 
 1379 7021143 
 1380 4159073 
 1381 170649 
 1382 63191 
 1383 5112803 
 1384 3005937 
 1385 2054572 
 1386 4005036 
 1387 6138354 
 1388 167679 
 1389 5014365 
 1390 5036032 
 1391 6032491 
 1392 1151656 
 1393 5077991 
 1394 6034031 
 1395 4030718 
 1396 7072122 
 1397 7141358 
 1398 72871 
 1399 5156247 
 1400 1123829 
 1401 2997962 
 1402 3022874 
 1403 3080893 
 1404 1053163 
 1405 3029859 
 1406 4129486 
 1407 4055685 
 1408 5053574 
 1409 40424 
 1410 2078769 
 1411 5164662 
 1412 2005738 
 1413 3100635 
 1414 1050908 
 1415 2153450 
 1416 7112761 
 1417 5134525 
 1418 5080191 
 1419 6084790 
 1420 7149113 
 1421 3179551 
 1422 2098071 
 1423 97728 
 1424 4029398 
 1425 5061439 
 1426 2068209 
 1427 2072554 
 1428 2158125 
 1429 6137749 
 1430 7088234 
 1431 2042912 
 1432 5066389 
 1433 7120736 
 1434 4026428 
 1435 4156873 
 1436 1044803 
 1437 1025666 
 1438 5155422 
 1439 7992250 
 1440 1104747 
 1441 2173302 
 1442 2105111 
 1443 2129693 
 1444 143537 
 1445 7115566 
 1446 1103812 
 1447 7096814 
 1448 7117271 
 1449 6162001 
 1450 18152 
 1451 7019988 
 1452 5015025 
 1453 4150768 
 1454 7036430 
 1455 3028649 
 1456 988984 
 1457 7096759 
 1458 1018516 
 1459 2131893 
 1460 92393 
 1461 6036451 
 1462 1116734 
 1463 6037496 
 1464 1052063 
 1465 6165851 
 1466 3002912 
 1467 5159822 
 1468 1014446 
 1469 65171 
 1470 5008315 
 1471 2152845 
 1472 6037056 
 1473 7170835 
 1474 5060559 
 1475 3049821 
 1476 5108238 
 1477 4185140 
 1478 3076053 
 1479 7087684 
 1480 3103550 
 1481 6081435 
 1482 6111737 
 1483 73751 
 1484 7135968 
 1485 1078625 
 1486 21562 
 1487 6107667 
 1488 7036980 
 1489 1097487 
 1490 1129604 
 1491 4136416 
 1492 3033434 
 1493 3000657 
 1494 1022861 
 1495 1039468 
 1496 6056303 
 1497 4032808 
 1498 4108699 
 1499 1991768 
 1500 6167556 
 1501 7096924 
 1502 7065357 
 1503 7165060 
 1504 3184611 
 1505 4105784 
 1506 3030629 
 1507 146177 
 1508 1103372 
 1509 5082116 
 1510 2126778 
 1511 4009216 
 1512 4035283 
 1513 2024930 
 1514 2097521 
 1515 2124633 
 1516 2019595 
 1517 4059150 
 1518 4161493 
 1519 4113594 
 1520 4132841 
 1521 3130387 
 1522 4026703 
 1523 2095486 
 1524 5033392 
 1525 990524 
 1526 3107785 
 1527 113125 
 1528 6158206 
 1529 4052330 
 1530 4180905 
 1531 1119704 
 1532 2077339 
 1533 171914 
 1534 120275 
 1535 6161781 
 1536 5052419 
 1537 6160076 
 1538 6086440 
 1539 2069914 
 1540 6138464 
 1541 3126042 
 1542 4060580 
 1543 7094614 
 1544 3031894 
 1545 7122386 
 1546 3056861 
 1547 3076493 
 1548 6088640 
 1549 2126118 
 1550 5087396 
 1551 3131762 
 1552 2099831 
 1553 5028717 
 1554 7146418 
 1555 5082996 
 1556 6069173 
 1557 2125513 
 1558 7092414 
 1559 3081773 
 1560 3148314 
 1561 2078604 
 1562 64181 
 1563 6007249 
 1564 1166393 
 1565 3105695 
 1566 1044583 
 1567 7134923 
 1568 4103639 
 1569 1125259 
 1570 64786 
 1571 62641 
 1572 143262 
 1573 7086969 
 1574 991184 
 1575 4030223 
 1576 3158379 
 1577 4177495 
 1578 4076032 
 1579 4088352 
 1580 2099006 
 1581 6067248 
 1582 1097817 
 1583 5132600 
 1584 2021850 
 1585 5082336 
 1586 2004528 
 1587 5036637 
 1588 3048446 
 1589 3098380 
 1590 6166456 
 1591 3130662 
 1592 69296 
 1593 3159754 
 1594 1104142 
 1595 7174465 
 1596 7123816 
 1597 7118481 
 1598 1043208 
 1599 167074 
 1600 1153526 
 1601 3149304 
 1602 1102327 
 1603 5110988 
 1604 5110713 
 1605 7040830 
 1606 7070362 
 1607 3053671 
 1608 2155210 
 1609 7999400 
 1610 5090861 
 1611 5132270 
 1612 144857 
 1613 2178142 
 1614 7016908 
 1615 1999468 
 1616 6062133 
 1617 6090015 
 1618 3059721 
 1619 1175633 
 1620 3125272 
 1621 4159238 
 1622 1104527 
 1623 1000259 
 1624 6093260 
 1625 5167907 
 1626 5014805 
 1627 3048116 
 1628 4138561 
 1629 7995825 
 1630 1022531 
 1631 5166257 
 1632 6057568 
 1633 3034369 
 1634 7162640 
 1635 3103935 
 1636 1069110 
 1637 5131500 
 1638 5140850 
 1639 6169866 
 1640 2147950 
 1641 5129245 
 1642 5157567 
 1643 1174478 
 1644 4086867 
 1645 7146033 
 1646 3053176 
 1647 1043593 
 1648 36409 
 1649 3099315 
 1650 1151161 
 1651 1044143 
 1652 2044397 
 1653 4026373 
 1654 4104574 
 1655 150522 
 1656 5053024 
 1657 7011243 
 1658 1095177 
 1659 71606 
 1660 2096861 
 1661 3024304 
 1662 1152481 
 1663 4052825 
 1664 93823 
 1665 4126241 
 1666 5133865 
 1667 2022345 
 1668 7147958 
 1669 1993308 
 1670 998609 
 1671 3000547 
 1672 5111373 
 1673 45594 
 1674 4082247 
 1675 7068327 
 1676 172024 
 1677 2130078 
 1678 3050921 
 1679 6040136 
 1680 2128593 
 1681 19857 
 1682 3161569 
 1683 3186701 
 1684 5036912 
 1685 5156632 
 1686 1022201 
 1687 2025865 
 1688 2054737 
 1689 5115718 
 1690 7095824 
 1691 7020208 
 1692 7995770 
 1693 5006225 
 1694 6162991 
 1695 6107942 
 1696 4074657 
 1697 3056586 
 1698 2177482 
 1699 3183071 
 1700 1067130 
 1701 7145923 
 1702 3150789 
 1703 3045971 
 1704 5083161 
 1705 3123457 
 1706 3032774 
 1707 4135151 
 1708 48729 
 1709 2097686 
 1710 2076349 
 1711 2026635 
 1712 7013828 
 1713 7089389 
 1714 7039180 
 1715 2025700 
 1716 7998740 
 1717 7148178 
 1718 1154901 
 1719 46639 
 1720 4058985 
 1721 5084536 
 1722 2051602 
 1723 6158701 
 1724 3029694 
 1725 7998630 
 1726 3009072 
 1727 101358 
 1728 6106622 
 1729 171309 
 1730 1051293 
 1731 4163693 
 1732 2154935 
 1733 1074830 
 1734 3110205 
 1735 112575 
 1736 6143799 
 1737 7044295 
 1738 6084460 
 1739 6039751 
 1740 7995935 
 1741 6016764 
 1742 3184116 
 1743 1118384 
 1744 48014 
 1745 5139255 
 1746 7143888 
 1747 5058139 
 1748 141942 
 1749 6140664 
 1750 1065810 
 1751 123465 
 1752 7088894 
 1753 1018901 
 1754 7019438 
 1755 124675 
 1756 5113243 
 1757 5164167 
 1758 6038321 
 1759 6136429 
 1760 6159361 
 1761 2001943 
 1762 6163211 
 1763 4033798 
 1764 7118866 
 1765 2996917 
 1766 4011361 
 1767 1180528 
 1768 142547 
 1769 7062607 
 1770 7014708 
 1771 2148720 
 1772 5103398 
 1773 4109139 
 1774 3101185 
 1775 1014996 
 1776 2000458 
 1777 5080246 
 1778 1177118 
 1779 7089719 
 1780 5091136 
 1781 6094580 
 1782 4031048 
 1783 4053760 
 1784 7097144 
 1785 7121506 
 1786 1078185 
 1787 3046576 
 1788 2102416 
 1789 7117161 
 1790 5131445 
 1791 1098422 
 1792 3173776 
 1793 3134787 
 1794 3080618 
 1795 6064663 
 1796 4157863 
 1797 7042700 
 1798 124840 
 1799 2149655 
 1800 1129054 
 1801 7135308 
 1802 5039662 
 1803 3134952 
 1804 4103364 
 1805 4105949 
 1806 7988400 
 1807 3109765 
 1808 6114267 
 1809 2094331 
 1810 49774 
 1811 7009978 
 1812 7119581 
 1813 1120254 
 1814 64676 
 1815 118460 
 1816 5038067 
 1817 3051526 
 1818 4037813 
 1819 1076040 
 1820 6108437 
 1821 7148673 
 1822 4028078 
 1823 7166710 
 1824 97618 
 1825 2158070 
 1826 1146376 
 1827 7061232 
 1828 3057136 
 1829 5084261 
 1830 6090180 
 1831 5089046 
 1832 5063199 
 1833 2043187 
 1834 6165686 
 1835 174059 
 1836 5134910 
 1837 3004947 
 1838 5005950 
 1839 7095274 
 1840 5159547 
 1841 2020145 
 1842 6013904 
 1843 4025713 
 1844 7168030 
 1845 5091576 
 1846 6012144 
 1847 1090282 
 1848 2099391 
 1849 4001571 
 1850 4129376 
 1851 3026009 
 1852 5140135 
 1853 4008446 
 1854 87608 
 1855 4164353 
 1856 7116226 
 1857 4111504 
 1858 1046233 
 1859 5004740 
 1860 7019768 
 1861 3178561 
 1862 3005717 
 1863 7089994 
 1864 3098985 
 1865 4000031 
 1866 7174355 
 1867 4128771 
 1868 5078321 
 1869 1067240 
 1870 4184975 
 1871 7114191 
 1872 1099192 
 1873 4061570 
 1874 7047430 
 1875 2002603 
 1876 5160977 
 1877 1020881 
 1878 7018998 
 1879 143592 
 1880 4025603 
 1881 4057005 
 1882 1998643 
 1883 7012178 
 1884 71276 
 1885 6088695 
 1886 3030464 
 1887 68911 
 1888 4008006 
 1889 139357 
 1890 3072588 
 1891 5135130 
 1892 1097432 
 1893 4154233 
 1894 4079387 
 1895 993384 
 1896 2029935 
 1897 5007325 
 1898 7014653 
 1899 7137508 
 1900 1045573 
 1901 2149820 
 1902 5063859 
 1903 5117148 
 1904 7018173 
 1905 1022256 
 1906 6086660 
 1907 7143173 
 1908 3126757 
 1909 5156192 
 1910 45264 
 1911 999984 
 1912 6012804 
 1913 5163232 
 1914 2146355 
 1915 1115799 
 1916 4126736 
 1917 4106939 
 1918 3097280 
 1919 7172540 
 1920 4155498 
 1921 5104223 
 1922 4061460 
 1923 5040872 
 1924 1102217 
 1925 3006432 
 1926 4033138 
 1927 2031420 
 1928 4009546 
 1929 6014289 
 1930 4154453 
 1931 6066533 
 1932 2082069 
 1933 3134567 
 1934 2131343 
 1935 3174106 
 1936 4054585 
 1937 2146960 
 1938 2125403 
 1939 73696 
 1940 5037682 
 1941 5137825 
 1942 7116941 
 1943 5110878 
 1944 995694 
 1945 7040280 
 1946 15347 
 1947 4084777 
 1948 76281 
 1949 5115608 
 1950 5116653 
 1951 5085196 
 1952 3159094 
 1953 6142259 
 1954 87828 
 1955 2176602 
 1956 20297 
 1957 22002 
 1958 21067 
 1959 6008899 
 1960 66051 
 1961 4031213 
 1962 6041951 
 1963 7022188 
 1964 3147379 
 1965 4106884 
 1966 7168910 
 1967 3180211 
 1968 1170353 
 1969 4176890 
 1970 5106973 
 1971 7169515 
 1972 4025383 
 1973 5110383 
 1974 5132875 
 1975 5115883 
 1976 4086372 
 1977 1097212 
 1978 3057851 
 1979 2147565 
 1980 5155532 
 1981 4028683 
 1982 3177571 
 1983 6036121 
 1984 3998491 
 1985 2002383 
 1986 7995660 
 1987 5007050 
 1988 5085306 
 1989 6015499 
 1990 2070959 
 1991 7070142 
 1992 993824 
 1993 5138925 
 1994 6083580 
 1995 1142636 
 1996 3058236 
 1997 7017293 
 1998 5035592 
 1999 152117 
 2000 4134436 
 2001 23707 
 2002 3003737 
 2003 5027122 
 2004 4187780 
 2005 1148191 
 2006 3105200 
 2007 6141379 
 2008 3008907 
 2009 2176712 
 2010 11277 
 2011 67701 
 2012 7090324 
 2013 5059954 
 2014 151292 
 2015 2174677 
 2016 3122962 
 2017 4007841 
 2018 88323 
 2019 4188275 
 2020 7018778 
 2021 6015609 
 2022 7089939 
 2023 98938 
 2024 6018139 
 2025 92228 
 2026 1098642 
 2027 7165665 
 2028 3077483 
 2029 2126448 
 2030 3129507 
 2031 6082095 
 2032 3127582 
 2033 3000877 
 2034 1179098 
 2035 60 
 2036 7096979 
 2037 1049478 
 2038 6018634 
 2039 6113497 
 2040 2177207 
 2041 4000636 
 2042 2132883 
 2043 7985430 
 2044 6108712 
 2045 3023369 
 2046 3027659 
 2047 7113256 
 2048 25247 
 2049 1065370 
 2050 2101646 
 2051 1043978 
 2052 5012770 
 2053 143097 
 2054 3024084 
 2055 4182665 
 2056 69461 
 2057 5057149 
 2058 6112947 
 2059 6055258 
 2060 3032059 
 2061 6015224 
 2062 6008679 
 2063 7137123 
 2064 5058579 
 2065 3150349 
 2066 6119437 
 2067 7045065 
 2068 1023521 
 2069 1074885 
 2070 2124853 
 2071 6112617 
 2072 5132325 
 2073 4031653 
 2074 5077661 
 2075 7084109 
 2076 4000856 
 2077 5039112 
 2078 2074149 
 2079 3029309 
 2080 2178252 
 2081 66271 
 2082 43669 
 2083 6062408 
 2084 6111572 
 2085 5033447 
 2086 4131686 
 2087 7060627 
 2088 4075592 
 2089 1102052 
 2090 1027316 
 2091 5005070 
 2092 5168347 
 2093 3028539 
 2094 3075393 
 2095 2177097 
 2096 2175832 
 2097 7172210 
 2098 7037585 
 2099 5157842 
 2100 2000403 
 2101 2020255 
 2102 5167522 
 2103 7012123 
 2104 1997048 
 2105 4155333 
 2106 5086791 
 2107 5167962 
 2108 6066368 
 2109 6057018 
 2110 6144789 
 2111 5003805 
 2112 49554 
 2113 117525 
 2114 7039290 
 2115 7035165 
 2116 3998601 
 2117 2172367 
 2118 6161231 
 2119 7148618 
 2120 6033536 
 2121 49829 
 2122 5013100 
 2123 3053726 
 2124 3178726 
 2125 1042108 
 2126 50599 
 2127 3107455 
 2128 1166448 
 2129 4036878 
 2130 1070925 
 2131 5090641 
 2132 1995618 
 2133 3025019 
 2134 5137770 
 2135 2026305 
 2136 7010088 
 2137 5104663 
 2138 6140389 
 2139 6011869 
 2140 1073785 
 2141 2027570 
 2142 7997805 
 2143 6111902 
 2144 113235 
 2145 3078693 
 2146 6040521 
 2147 4030663 
 2148 7148453 
 2149 7114356 
 2150 1027921 
 2151 3001702 
 2152 2042637 
 2153 3026779 
 2154 4151428 
 2155 2173742 
 2156 3122137 
 2157 7147738 
 2158 1028031 
 2159 95308 
 2160 1099852 
 2161 5081731 
 2162 1076315 
 2163 5193589 
 2164 5081346 
 2165 6118722 
 2166 4086482 
 2167 6036341 
 2168 1994958 
 2169 3097885 
 2170 3056806 
 2171 6007799 
 2172 3151559 
 2173 6091775 
 2174 4186460 
 2175 6061693 
 2176 1045298 
 2177 47244 
 2178 2151855 
 2179 5159052 
 2180 4027473 
 2181 2021300 
 2182 4099789 
 2183 143042 
 2184 3003627 
 2185 1101447 
 2186 7121011 
 2187 7040995 
 2188 70176 
 2189 2150040 
 2190 5137660 
 2191 7120901 
 2192 4177715 
 2193 1172003 
 2194 2005463 
 2195 1077635 
 2196 7042590 
 2197 7173475 
 2198 4083897 
 2199 2181882 
 2200 5015245 
 2201 1124819 
 2202 4107984 
 2203 5058414 
 2204 5136010 
 2205 5057699 
 2206 4131301 
 2207 4061625 
 2208 997839 
 2209 7022078 
 2210 5007930 
 2211 5108128 
 2212 7991535 
 2213 4010426 
 2214 7138168 
 2215 3097335 
 2216 4009766 
 2217 4083237 
 2218 2047477 
 2219 1167878 
 2220 4088297 
 2221 3023259 
 2222 4002946 
 2223 4080817 
 2224 3023039 
 2225 4138836 
 2226 1094077 
 2227 2180012 
 2228 50049 
 2229 5057204 
 2230 4087747 
 2231 2096971 
 2232 149257 
 2233 70781 
 2234 4011856 
 2235 4081642 
 2236 6115587 
 2237 2068319 
 2238 7144328 
 2239 4037648 
 2240 3100415 
 2241 7118591 
 2242 3154364 
 2243 996574 
 2244 5037132 
 2245 5141785 
 2246 5036747 
 2247 3033489 
 2248 1118989 
 2249 4189210 
 2250 2017835 
 2251 3056751 
 2252 6113222 
 2253 98773 
 2254 6163101 
 2255 4036108 
 2256 2048522 
 2257 6144899 
 2258 6114707 
 2259 2079759 
 2260 2080584 
 2261 120055 
 2262 7993515 
 2263 7015918 
 2264 1129824 
 2265 138257 
 2266 2157135 
 2267 2169507 
 2268 7166930 
 2269 4188770 
 2270 3056146 
 2271 6014234 
 2272 3129782 
 2273 5159162 
 2274 2096366 
 2275 6083635 
 2276 4060140 
 2277 3126812 
 2278 1166778 
 2279 1170958 
 2280 3084138 
 2281 4085657 
 2282 4185250 
 2283 1119539 
 2284 7173915 
 2285 6006919 
 2286 2021520 
 2287 2079869 
 2288 1066195 
 2289 4032203 
 2290 6009724 
 2291 1001194 
 2292 3104925 
 2293 993604 
 2294 6065873 
 2295 3147489 
 2296 7168305 
 2297 991734 
 2298 24862 
 2299 7993735 
 2300 4180465 
 2301 2025205 
 2302 7985650 
 2303 1052833 
 2304 6119712 
 2305 7095439 
 2306 7139323 
 2307 1172663 
 2308 2130298 
 2309 71936 
 2310 3076438 
 2311 3032609 
 2312 40204 
 2313 7011903 
 2314 4152583 
 2315 3026614 
 2316 5136670 
 2317 4129156 
 2318 5192929 
 2319 3054716 
 2320 1125094 
 2321 1024401 
 2322 3028264 
 2323 22717 
 2324 2025645 
 2325 1098477 
 2326 6011814 
 2327 3008522 
 2328 4134106 
 2329 7020428 
 2330 40809 
 2331 5003035 
 2332 5052199 
 2333 4058600 
 2334 112630 
 2335 7115951 
 2336 1125699 
 2337 3030354 
 2338 2046872 
 2339 7991260 
 2340 2097851 
 2341 4032313 
 2342 1101722 
 2343 1014776 
 2344 5036142 
 2345 6006424 
 2346 2176767 
 2347 4029068 
 2348 4157093 
 2349 2145805 
 2350 5060669 
 2351 2031090 
 2352 3002857 
 2353 6018249 
 2354 6055698 
 2355 1179263 
 2356 3153209 
 2357 6112672 
 2358 4049910 
 2359 7012948 
 2360 6134834 
 2361 7164070 
 2362 6115367 
 2363 995254 
 2364 1155066 
 2365 7040225 
 2366 1101282 
 2367 5133040 
 2368 1040018 
 2369 3105255 
 2370 5082886 
 2371 140622 
 2372 1999358 
 2373 4177165 
 2374 5131720 
 2375 41194 
 2376 4054640 
 2377 3151944 
 2378 45869 
 2379 1095617 
 2380 3109655 
 2381 3104485 
 2382 39434 
 2383 1071640 
 2384 1022641 
 2385 87498 
 2386 2073599 
 2387 5059679 
 2388 7142898 
 2389 3161789 
 2390 3005332 
 2391 45099 
 2392 7144218 
 2393 4152033 
 2394 3998876 
 2395 6005874 
 2396 5078926 
 2397 2175282 
 2398 7995440 
 2399 3999591 
 2400 6061583 
 2401 1026656 
 2402 5004960 
 2403 93933 
 2404 3008687 
 2405 3004067 
 2406 3073908 
 2407 1065260 
 2408 6110472 
 2409 4130091 
 2410 6037936 
 2411 2119683 
 2412 4086042 
 2413 4183215 
 2414 1067405 
 2415 175434 
 2416 22222 
 2417 125060 
 2418 7065137 
 2419 1002239 
 2420 4053265 
 2421 3187196 
 2422 7122661 
 2423 4075867 
 2424 1119759 
 2425 2001723 
 2426 3055981 
 2427 7138443 
 2428 6093315 
 2429 1074940 
 2430 4152968 
 2431 3046466 
 2432 5002210 
 2433 6063783 
 2434 3058566 
 2435 6082755 
 2436 7060847 
 2437 1126689 
 2438 6007909 
 2439 2173082 
 2440 1169143 
 2441 5015355 
 2442 4135371 
 2443 4185580 
 2444 2125843 
 2445 2018275 
 2446 2055342 
 2447 7097749 
 2448 2018110 
 2449 2146575 
 2450 5156357 
 2451 3162009 
 2452 7138773 
 2453 3179001 
 2454 3176306 
 2455 3081223 
 2456 3159974 
 2457 3132202 
 2458 7088949 
 2459 4052550 
 2460 996794 
 2461 6069503 
 2462 2174347 
 2463 2030705 
 2464 5007270 
 2465 6118282 
 2466 4162043 
 2467 4076857 
 2468 5033777 
 2469 6136649 
 2470 116865 
 2471 148982 
 2472 5066499 
 2473 7020538 
 2474 89093 
 2475 2150425 
 2476 7999345 
 2477 7033460 
 2478 44164 
 2479 3077648 
 2480 3104320 
 2481 2102086 
 2482 1115964 
 2483 3149139 
 2484 3103660 
 2485 5162297 
 2486 4079827 
 2487 5132050 
 2488 5154047 
 2489 2005188 
 2490 4111009 
 2491 2099446 
 2492 4003551 
 2493 4088077 
 2494 4129871 
 2495 1143021 
 2496 4033468 
 2497 5116928 
 2498 4056510 
 2499 117580 
 2500 2125458 
 2501 7109406 
 2502 2103076 
 2503 5003255 
 2504 5033667 
 2505 4027528 
 2506 4108974 
 2507 62971 
 2508 168944 
 2509 1180693 
 2510 2132663 
 2511 3057466 
 2512 5002650 
 2513 5083931 
 2514 6004719 
 2515 7994450 
 2516 25192 
 2517 4033908 
 2518 175764 
 2519 3084248 
 2520 5014750 
 2521 1147531 
 2522 7008933 
 2523 6005929 
 2524 5052694 
 2525 7142678 
 2526 3182081 
 2527 5090971 
 2528 4155883 
 2529 124455 
 2530 75841 
 2531 2044507 
 2532 3003902 
 2533 2043297 
 2534 14137 
 2535 147057 
 2536 95968 
 2537 6004554 
 2538 2073874 
 2539 1024731 
 2540 1143571 
 2541 6136099 
 2542 5160922 
 2543 3131157 
 2544 7092469 
 2545 101248 
 2546 6040356 
 2547 23212 
 2548 6110912 
 2549 5013980 
 2550 96353 
 2551 6055863 
 2552 7012728 
 2553 3158654 
 2554 66161 
 2555 50159 
 2556 7171330 
 2557 3104375 
 2558 4030938 
 2559 2147070 
 2560 1015711 
 2561 1000094 
 2562 5065069 
 2563 167789 
 2564 1092427 
 2565 4113099 
 2566 2182707 
 2567 2043902 
 2568 7169075 
 2569 4052110 
 2570 4153903 
 2571 6166731 
 2572 989149 
 2573 3149194 
 2574 3103000 
 2575 3000767 
 2576 4007401 
 2577 6118007 
 2578 124950 
 2579 5089376 
 2580 3031069 
 2581 7115841 
 2582 1064985 
 2583 1072795 
 2584 6088145 
 2585 2075854 
 2586 2071949 
 2587 5166972 
 2588 1117174 
 2589 42734 
 2590 5134140 
 2591 2051877 
 2592 1046783 
 2593 4188660 
 2594 3148479 
 2595 6042666 
 2596 1149621 
 2597 3159424 
 2598 2050172 
 2599 3072093 
 2600 4074492 
 2601 3126702 
 2602 993109 
 2603 1040128 
 2604 3000052 
 2605 3108115 
 2606 3123897 
 2607 4107269 
 2608 1178603 
 2609 6004444 
 2610 1041228 
 2611 4158853 
 2612 1180253 
 2613 7999785 
 2614 5107358 
 2615 2080804 
 2616 1075875 
 2617 7136793 
 2618 3151174 
 2619 176259 
 2620 7122221 
 2621 3160579 
 2622 5030477 
 2623 2105441 
 2624 7998190 
 2625 5113463 
 2626 7091149 
 2627 4190420 
 2628 3128737 
 2629 5013430 
 2630 171584 
 2631 6083690 
 2632 7165830 
 2633 2048247 
 2634 1145001 
 2635 2001503 
 2636 5007875 
 2637 6085615 
 2638 7012893 
 2639 1177833 
 2640 7120351 
 2641 6133459 
 2642 5003915 
 2643 4104904 
 2644 5055554 
 2645 7149168 
 2646 6069393 
 2647 7066072 
 2648 1025776 
 2649 2004583 
 2650 6135219 
 2651 4082412 
 2652 7085924 
 2653 6056963 
 2654 6134614 
 2655 6144129 
 2656 7113091 
 2657 5034327 
 2658 62861 
 2659 3083808 
 2660 2051272 
 2661 150027 
 2662 7065577 
 2663 15732 
 2664 2153065 
 2665 4163418 
 2666 4100724 
 2667 6038046 
 2668 5113848 
 2669 6113882 
 2670 7008548 
 2671 2103901 
 2672 2081134 
 2673 2148115 
 2674 4081422 
 2675 7996595 
 2676 5106258 
 2677 2106431 
 2678 7060242 
 2679 169989 
 2680 3110370 
 2681 121485 
 2682 3054771 
 2683 7069482 
 2684 40589 
 2685 41469 
 2686 1993528 
 2687 6166236 
 2688 5086296 
 2689 6015004 
 2690 4125141 
 2691 6004774 
 2692 2022675 
 2693 7043305 
 2694 7039840 
 2695 5080411 
 2696 6036616 
 2697 4164848 
 2698 2123368 
 2699 5034217 
 2700 6160736 
 2701 3102945 
 2702 5136450 
 2703 1052888 
 2704 6087650 
 2705 6060483 
 2706 2997027 
 2707 3110150 
 2708 5129080 
 2709 6091115 
 2710 5140795 
 2711 7112321 
 2712 3161459 
 2713 5039057 
 2714 7085484 
 2715 4150823 
 2716 5137935 
 2717 7037420 
 2718 5085636 
 2719 2027955 
 2720 4010921 
 2721 4053815 
 2722 2995047 
 2723 3003407 
 2724 1998808 
 2725 6017369 
 2726 3182411 
 2727 6116907 
 2728 4031103 
 2729 142272 
 2730 6017259 
 2731 5030092 
 2732 2149600 
 2733 6144624 
 2734 5011835 
 2735 7066622 
 2736 6165466 
 2737 1997873 
 2738 2172037 
 2739 2172092 
 2740 2101206 
 2741 6113772 
 2742 1180308 
 2743 2022785 
 2744 50269 
 2745 2072774 
 2746 1072905 
 2747 6037221 
 2748 4030003 
 2749 5065179 
 2750 5083216 
 2751 7134978 
 2752 3003517 
 2753 5140575 
 2754 5156907 
 2755 2024380 
 2756 6133349 
 2757 3129397 
 2758 7064752 
 2759 6119547 
 2760 1100127 
 2761 2121168 
 2762 4154013 
 2763 7145043 
 2764 4189320 
 2765 1171288 
 2766 1046398 
 2767 3078583 
 2768 4037483 
 2769 1000479 
 2770 2171707 
 2771 4049305 
 2772 3178671 
 2773 4030993 
 2774 1167603 
 2775 1098147 
 2776 4188000 
 2777 87223 
 2778 4159183 
 2779 122860 
 2780 5088716 
 2781 115380 
 2782 6112232 
 2783 2132608 
 2784 6035736 
 2785 6136594 
 2786 1095892 
 2787 1148246 
 2788 2053197 
 2789 5028497 
 2790 7085044 
 2791 1045353 
 2792 3108280 
 2793 70396 
 2794 2147125 
 2795 4105454 
 2796 7171660 
 2797 3081663 
 2798 3047181 
 2799 4010371 
 2800 7059637 
 2801 3179166 
 2802 2045167 
 2803 2050832 
 2804 163279 
 2805 2005408 
 2806 5133425 
 2807 5001715 
 2808 7021528 
 2809 2175062 
 2810 138312 
 2811 117085 
 2812 5039717 
 2813 114500 
 2814 3073853 
 2815 3026669 
 2816 1123004 
 2817 2151195 
 2818 5057974 
 2819 1104637 
 2820 6158151 
 2821 3102890 
 2822 6067083 
 2823 3050866 
 2824 6095295 
 2825 3177901 
 2826 1073565 
 2827 6043766 
 2828 6134504 
 2829 4138891 
 2830 990909 
 2831 1020716 
 2832 7987080 
 2833 1150831 
 2834 11332 
 2835 7141578 
 2836 1040788 
 2837 175049 
 2838 7997200 
 2839 7118426 
 2840 5064794 
 2841 2045552 
 2842 3160414 
 2843 5164387 
 2844 7086309 
 2845 6042116 
 2846 1123664 
 2847 7160825 
 2848 2054352 
 2849 93603 
 2850 7068932 
 2851 6133844 
 2852 6143029 
 2853 2157080 
 2854 2130243 
 2855 4002121 
 2856 3046191 
 2857 5055994 
 2858 5103783 
 2859 5064464 
 2860 7093184 
 2861 5039222 
 2862 7160165 
 2863 6168326 
 2864 1116239 
 2865 3056421 
 2866 65941 
 2867 2017450 
 2868 7111111 
 2869 4128496 
 2870 1021596 
 2871 150412 
 2872 7008768 
 2873 11002 
 2874 1124709 
 2875 5139585 
 2876 7045120 
 2877 6090620 
 2878 4175955 
 2879 1121574 
 2880 2171487 
 2881 7035495 
 2882 4178430 
 2883 6004389 
 2884 4055300 
 2885 6167006 
 2886 2122158 
 2887 5081566 
 2888 94483 
 2889 1091767 
 2890 7115401 
 2891 3082488 
 2892 1149016 
 2893 3105530 
 2894 149312 
 2895 117745 
 2896 1040183 
 2897 2017065 
 2898 4157423 
 2899 2076844 
 2900 7169625 
 2901 6032161 
 2902 1154791 
 2903 7170450 
 2904 6042226 
 2905 6010219 
 2906 4050570 
 2907 5027727 
 2908 2093616 
 2909 150852 
 2910 7095164 
 2911 6084295 
 2912 3003957 
 2913 1093747 
 2914 6132799 
 2915 7062827 
 2916 3183786 
 2917 1016041 
 2918 113180 
 2919 4025053 
 2920 6169481 
 2921 2152790 
 2922 4112109 
 2923 6082865 
 2924 7989720 
 2925 6158866 
 2926 5156467 
 2927 90743 
 2928 3076273 
 2929 4034788 
 2930 6120427 
 2931 6031941 
 2932 3106740 
 2933 7064642 
 2934 4010096 
 2935 2128923 
 2936 7173255 
 2937 5160757 
 2938 1145881 
 2939 3008467 
 2940 6069833 
 2941 1154571 
 2942 4106609 
 2943 6161341 
 2944 7059802 
 2945 4010206 
 2946 1015821 
 2947 46804 
 2948 4062890 
 2949 4033743 
 2950 41799 
 2951 1174863 
 2952 7088124 
 2953 2997412 
 2954 7112101 
 2955 5153662 
 2956 7111771 
 2957 6142644 
 2958 143922 
 2959 2094606 
 2960 6139619 
 2961 2017560 
 2962 94978 
 2963 6063563 
 2964 1047003 
 2965 3183511 
 2966 3030079 
 2967 2103186 
 2968 38334 
 2969 7097474 
 2970 6112782 
 2971 6089850 
 2972 89698 
 2973 1017856 
 2974 1019671 
 2975 6132084 
 2976 7060957 
 2977 6085560 
 2978 4126131 
 2979 3110810 
 2980 4101659 
 2981 96628 
 2982 2024710 
 2983 2158455 
 2984 2050062 
 2985 4159898 
 2986 1101942 
 2987 6106292 
 2988 4004926 
 2989 1994243 
 2990 3008137 
 2991 2130848 
 2992 1001854 
 2993 5167852 
 2994 1070705 
 2995 118075 
 2996 6134669 
 2997 2127163 
 2998 1123609 
 2999 3134072 
 3000 4185470 
 3001 5114673 
 3002 6010109 
 3003 1096772 
 3004 64346 
 3005 3157554 
 3006 6061913 
 3007 7114136 
 3008 3105310 
 3009 89588 
 3010 5029762 
 3011 1092647 
 3012 1124159 
 3013 2051822 
 3014 5062869 
 3015 1151711 
 3016 7996650 
 3017 41249 
 3018 3053561 
 3019 5156027 
 3020 3133137 
 3021 6056578 
 3022 2177537 
 3023 6159801 
 3024 1171123 
 3025 3183181 
 3026 4181565 
 3027 5006665 
 3028 7988950 
 3029 16007 
 3030 2070024 
 3031 3006872 
 3032 6131479 
 3033 5028442 
 3034 6080995 
 3035 4162098 
 3036 6030786 
 3037 7087794 
 3038 5157017 
 3039 7996925 
 3040 1072740 
 3041 6118997 
 3042 3153869 
 3043 3096675 
 3044 87388 
 3045 2053417 
 3046 5052804 
 3047 177799 
 3048 4184370 
 3049 3096510 
 3050 5052254 
 3051 4026153 
 3052 2101921 
 3053 6158976 
 3054 49499 
 3055 1144561 
 3056 5059239 
 3057 93438 
 3058 3149854 
 3059 5002870 
 3060 74191 
 3061 6171516 
 3062 1117944 
 3063 2122268 
 3064 7163685 
 3065 7117106 
 3066 7069757 
 3067 2068759 
 3068 5088221 
 3069 2055947 
 3070 2996752 
 3071 7993185 
 3072 2182762 
 3073 6140884 
 3074 1997323 
 3075 6081050 
 3076 4086152 
 3077 6141984 
 3078 4061955 
 3079 7041985 
 3080 3108830 
 3081 4184755 
 3082 6157546 
 3083 6056248 
 3084 44659 
 3085 1022421 
 3086 2081189 
 3087 19472 
 3088 5155092 
 3089 1023851 
 3090 3105750 
 3091 101413 
 3092 2079374 
 3093 4002506 
 3094 3083203 
 3095 1118714 
 3096 3054111 
 3097 2176217 
 3098 4109634 
 3099 147552 
 3100 49444 
 3101 6146054 
 3102 71441 
 3103 5064134 
 3104 4025658 
 3105 1071805 
 3106 5106148 
 3107 2126998 
 3108 6143964 
 3109 6018579 
 3110 3128132 
 3111 3182356 
 3112 1176238 
 3113 4052495 
 3114 5027562 
 3115 2023720 
 3116 2080089 
 3117 6058393 
 3118 7165115 
 3119 6141764 
 3120 4157533 
 3121 3109380 
 3122 4103144 
 3123 3174986 
 3124 4075647 
 3125 991239 
 3126 7088619 
 3127 1152976 
 3128 998114 
 3129 2069529 
 3130 126765 
 3131 3155189 
 3132 4057720 
 3133 4001296 
 3134 3135557 
 3135 16612 
 3136 1073510 
 3137 4055410 
 3138 6165246 
 3139 3129287 
 3140 7148948 
 3141 7163245 
 3142 7160715 
 3143 5134360 
 3144 2077834 
 3145 2051987 
 3146 5138980 
 3147 4183270 
 3148 2154550 
 3149 2018330 
 3150 65006 
 3151 4156928 
 3152 2122983 
 3153 5058249 
 3154 4151593 
 3155 6136924 
 3156 7092029 
 3157 7089609 
 3158 7985540 
 3159 7066677 
 3160 7058922 
 3161 1001579 
 3162 2175117 
 3163 7015368 
 3164 5080631 
 3165 6064883 
 3166 2105771 
 3167 3126262 
 3168 7991040 
 3169 5027397 
 3170 2176657 
 3171 2155155 
 3172 2099611 
 3173 997729 
 3174 3126372 
 3175 7122496 
 3176 4132951 
 3177 4049470 
 3178 3004507 
 3179 999874 
 3180 2005243 
 3181 4105619 
 3182 22772 
 3183 2024050 
 3184 7072452 
 3185 6137254 
 3186 7164180 
 3187 7988895 
 3188 3080288 
 3189 2151910 
 3190 5032897 
 3191 5128530 
 3192 3111195 
 3193 2106706 
 3194 6164641 
 3195 2151965 
 3196 3186536 
 3197 1073235 
 3198 6110857 
 3199 4110624 
 3200 7148068 
 3201 6112452 
 3202 2097906 
 3203 1176568 
 3204 6043326 
 3205 4136856 
 3206 5060614 
 3207 2146905 
 3208 1128504 
 3209 12652 
 3210 2077669 
 3211 3054826 
 3212 5008260 
 3213 5117258 
 3214 4155828 
 3215 4085107 
 3216 2996147 
 3217 6041841 
 3218 3030519 
 3219 6094690 
 3220 2019540 
 3221 69131 
 3222 1071200 
 3223 3048941 
 3224 2180507 
 3225 95088 
 3226 1117064 
 3227 4076142 
 3228 4126681 
 3229 3072808 
 3230 1096552 
 3231 7112156 
 3232 1020606 
 3233 988764 
 3234 7062882 
 3235 4131741 
 3236 7061892 
 3237 2176272 
 3238 999544 
 3239 7141248 
 3240 6042391 
 3241 6081105 
 3242 1096497 
 3243 3123292 
 3244 1053933 
 3245 4051945 
 3246 3148149 
 3247 2158290 
 3248 18372 
 3249 1145331 
 3250 41854 
 3251 3181861 
 3252 166194 
 3253 1119154 
 3254 6030511 
 3255 4003441 
 3256 7990050 
 3257 1044858 
 3258 1049038 
 3259 3023589 
 3260 2100876 
 3261 75786 
 3262 172794 
 3263 5128750 
 3264 3045916 
 3265 1123554 
 3266 2019870 
 3267 2027625 
 3268 3101130 
 3269 6090785 
 3270 1039358 
 3271 6108327 
 3272 3056091 
 3273 2074864 
 3274 6165906 
 3275 4189375 
 3276 89863 
 3277 46914 
 3278 7990160 
 3279 4155168 
 3280 3160249 
 3281 5086021 
 3282 1065975 
 3283 2172422 
 3284 3083148 
 3285 4060635 
 3286 1174148 
 3287 2056332 
 3288 6057788 
 3289 3131542 
 3290 5078431 
 3291 6161616 
 3292 2999942 
 3293 6093150 
 3294 2028670 
 3295 7072562 
 3296 1171838 
 3297 5084701 
 3298 5130840 
 3299 2123423 
 3300 7008383 
 3301 1992648 
 3302 7090379 
 3303 2152515 
 3304 5130015 
 3305 1078680 
 3306 3103110 
 3307 3174546 
 3308 3176251 
 3309 2079979 
 3310 119890 
 3311 5116873 
 3312 95473 
 3313 5035482 
 3314 1168703 
 3315 6157931 
 3316 2150370 
 3317 4062615 
 3318 7992085 
 3319 5081511 
 3320 1180968 
 3321 7015863 
 3322 4029893 
 3323 1170078 
 3324 3108060 
 3325 4138176 
 3326 4026208 
 3327 6037771 
 3328 1123114 
 3329 2102251 
 3330 127095 
 3331 6117402 
 3332 4058875 
 3333 1176183 
 3334 7086419 
 3335 2152900 
 3336 6133514 
 3337 5031357 
 3338 5155862 
 3339 7014598 
 3340 6111407 
 3341 5163892 
 3342 7040885 
 3343 7085594 
 3344 1092977 
 3345 76116 
 3346 4074547 
 3347 5165102 
 3348 146397 
 3349 3179331 
 3350 3034589 
 3351 2093891 
 3352 5160317 
 3353 996189 
 3354 1078955 
 3355 5107688 
 3356 4025218 
 3357 18977 
 3358 7173145 
 3359 118680 
 3360 6165521 
 3361 2030925 
 3362 3129012 
 3363 1002404 
 3364 2023060 
 3365 6037881 
 3366 87553 
 3367 1170738 
 3368 1014281 
 3369 6116797 
 3370 6063948 
 3371 2070464 
 3372 1146046 
 3373 63136 
 3374 6091555 
 3375 6041511 
 3376 23157 
 3377 4153958 
 3378 5008865 
 3379 4106169 
 3380 6064718 
 3381 1045958 
 3382 7013553 
 3383 126435 
 3384 3058621 
 3385 2076624 
 3386 2147180 
 3387 1002569 
 3388 1052008 
 3389 2073984 
 3390 7139873 
 3391 22552 
 3392 1095507 
 3393 148047 
 3394 3085403 
 3395 4026098 
 3396 2171322 
 3397 2049677 
 3398 5167082 
 3399 7090159 
 3400 7162750 
 3401 6042281 
 3402 991129 
 3403 1993913 
 3404 2099116 
 3405 4176780 
 3406 147882 
 3407 1047223 
 3408 2072224 
 3409 7059692 
 3410 5141400 
 3411 6082975 
 3412 7995055 
 3413 3180596 
 3414 3001372 
 3415 1054043 
 3416 2148940 
 3417 997289 
 3418 4151703 
 3419 4082467 
 3420 3048831 
 3421 4153518 
 3422 2998402 
 3423 2101316 
 3424 46749 
 3425 6041401 
 3426 6084020 
 3427 4153463 
 3428 6117897 
 3429 3025789 
 3430 3033379 
 3431 4026978 
 3432 7034010 
 3433 170869 
 3434 4188990 
 3435 46364 
 3436 6055533 
 3437 2127548 
 3438 4105124 
 3439 995749 
 3440 2030595 
 3441 174554 
 3442 143427 
 3443 2178857 
 3444 2079484 
 3445 7046660 
 3446 6009779 
 3447 7091809 
 3448 7010913 
 3449 3173391 
 3450 3126922 
 3451 4063550 
 3452 995914 
 3453 1148796 
 3454 1077415 
 3455 141337 
 3456 6118337 
 3457 1092592 
 3458 2124468 
 3459 2172587 
 3460 2130793 
 3461 118295 
 3462 4159843 
 3463 5063474 
 3464 6137529 
 3465 3129067 
 3466 3135832 
 3467 7063872 
 3468 72761 
 3469 3085293 
 3470 5026737 
 3471 6016984 
 3472 5059349 
 3473 7173420 
 3474 1041888 
 3475 49994 
 3476 7140478 
 3477 6168931 
 3478 2106046 
 3479 1998093 
 3480 20517 
 3481 176809 
 3482 2125238 
 3483 151512 
 3484 2175777 
 3485 36134 
 3486 6090950 
 3487 2106596 
 3488 989479 
 3489 17217 
 3490 2107531 
 3491 5131170 
 3492 2151030 
 3493 68141 
 3494 2003813 
 3495 7988125 
 3496 2126338 
 3497 1147036 
 3498 1021211 
 3499 4051780 
 3500 89368 
 3501 4087142 
 3502 1104692 
 3503 6060318 
 3504 2172477 
 3505 4085217 
 3506 70066 
 3507 6091225 
 3508 4112824 
 3509 3185766 
 3510 989699 
 3511 2153670 
 3512 5165322 
 3513 5056764 
 3514 43504 
 3515 7136023 
 3516 6136264 
 3517 5028277 
 3518 4109524 
 3519 4176670 
 3520 7084604 
 3521 5081401 
 3522 4003661 
 3523 150357 
 3524 2096696 
 3525 7161705 
 3526 2129418 
 3527 4008281 
 3528 3152109 
 3529 7147518 
 3530 7058867 
 3531 170594 
 3532 7174300 
 3533 3122247 
 3534 7997035 
 3535 7171440 
 3536 5035042 
 3537 7072507 
 3538 1015601 
 3539 2099281 
 3540 7059967 
 3541 4055080 
 3542 1175578 
 3543 1092922 
 3544 6161946 
 3545 4010976 
 3546 6169151 
 3547 2071234 
 3548 24917 
 3549 6034691 
 3550 7043250 
 3551 1127294 
 3552 1172828 
 3553 5079531 
 3554 4051175 
 3555 3156179 
 3556 4162703 
 3557 3023919 
 3558 3173611 
 3559 120880 
 3560 1180418 
 3561 5059569 
 3562 2028010 
 3563 5039937 
 3564 37839 
 3565 4085382 
 3566 3057356 
 3567 3103605 
 3568 1144176 
 3569 3104210 
 3570 1142141 
 3571 5157347 
 3572 6166621 
 3573 4101494 
 3574 3003022 
 3575 3132807 
 3576 1052998 
 3577 7036760 
 3578 3008192 
 3579 6080775 
 3580 138532 
 3581 24037 
 3582 4177935 
 3583 3005607 
 3584 3079353 
 3585 3108995 
 3586 112795 
 3587 5164057 
 3588 992064 
 3589 2095541 
 3590 3053011 
 3591 7022133 
 3592 5166807 
 3593 5140245 
 3594 122035 
 3595 87663 
 3596 147937 
 3597 7170395 
 3598 5164607 
 3599 67976 
 3600 6062848 
 3601 1152426 
 3602 7039125 
 3603 3184721 
 3604 990634 
 3605 2125898 
 3606 6036671 
 3607 2153285 
 3608 2027185 
 3609 40094 
 3610 3049216 
 3611 4109084 
 3612 6019074 
 3613 3056916 
 3614 147827 
 3615 6142314 
 3616 7140643 
 3617 4127121 
 3618 4031873 
 3619 1076205 
 3620 123410 
 3621 17162 
 3622 173839 
 3623 7162420 
 3624 7009538 
 3625 1168868 
 3626 7061507 
 3627 1073455 
 3628 7018448 
 3629 2101976 
 3630 7160495 
 3631 2175887 
 3632 2151250 
 3633 144362 
 3634 94703 
 3635 4084392 
 3636 3007092 
 3637 7014983 
 3638 5012880 
 3639 12432 
 3640 87773 
 3641 6135494 
 3642 96738 
 3643 6039971 
 3644 7085154 
 3645 4132071 
 3646 70286 
 3647 7092909 
 3648 6106897 
 3649 4079167 
 3650 3079133 
 3651 3158874 
 3652 1102602 
 3653 2144100 
 3654 7088674 
 3655 91733 
 3656 5057259 
 3657 62036 
 3658 2075799 
 3659 37014 
 3660 2046927 
 3661 2124028 
 3662 5109503 
 3663 40259 
 3664 1151766 
 3665 1994738 
 3666 6142149 
 3667 2132553 
 3668 5137550 
 3669 7095769 
 3670 5003475 
 3671 4135701 
 3672 1048213 
 3673 1992813 
 3674 2154825 
 3675 4049030 
 3676 6040961 
 3677 1040348 
 3678 6118667 
 3679 7069867 
 3680 64236 
 3681 2996367 
 3682 3024359 
 3683 5131995 
 3684 6159691 
 3685 3075833 
 3686 145407 
 3687 4157698 
 3688 1122014 
 3689 4027363 
 3690 1053273 
 3691 7013333 
 3692 4112934 
 3693 4176945 
 3694 171254 
 3695 7018008 
 3696 6159471 
 3697 7019548 
 3698 2120343 
 3699 2173192 
 3700 5004850 
 3701 6115092 
 3702 2998457 
 3703 7047375 
 3704 3158269 
 3705 3021499 
 3706 1024126 
 3707 6009669 
 3708 5010735 
 3709 7172320 
 3710 2101096 
 3711 4110569 
 3712 7118261 
 3713 2154660 
 3714 7986420 
 3715 3005167 
 3716 2100326 
 3717 7046880 
 3718 4106499 
 3719 6090510 
 3720 2000568 
 3721 5165982 
 3722 5193369 
 3723 3001482 
 3724 3034644 
 3725 3085018 
 3726 7032965 
 3727 4134381 
 3728 100258 
 3729 3161129 
 3730 6107502 
 3731 5115058 
 3732 4131246 
 3733 125335 
 3734 4114089 
 3735 1177723 
 3736 3153044 
 3737 4136801 
 3738 2171652 
 3739 6139784 
 3740 3148864 
 3741 7173200 
 3742 6133954 
 3743 7139103 
 3744 7092634 
 3745 7062992 
 3746 1168043 
 3747 2122708 
 3748 3132917 
 3749 2994992 
 3750 4135976 
 3751 2119518 
 3752 5129025 
 3753 7085649 
 3754 4000251 
 3755 5114563 
 3756 6165301 
 3757 7993790 
 3758 7116776 
 3759 6056688 
 3760 5011285 
 3761 7997530 
 3762 3157939 
 3763 4154288 
 3764 990084 
 3765 2001778 
 3766 3125492 
 3767 7169350 
 3768 4110514 
 3769 2003703 
 3770 5132710 
 3771 1020551 
 3772 7093954 
 3773 4161328 
 3774 7148838 
 3775 4187065 
 3776 7071242 
 3777 6094855 
 3778 7113696 
 3779 6140004 
 3780 5086186 
 3781 3126647 
 3782 4050625 
 3783 3022984 
 3784 42129 
 3785 4032863 
 3786 1013896 
 3787 3122577 
 3788 5114233 
 3789 1125589 
 3790 4010756 
 3791 4035008 
 3792 5112363 
 3793 6033481 
 3794 3097995 
 3795 3031454 
 3796 3101790 
 3797 146067 
 3798 1091602 
 3799 6111022 
 3800 1154131 
 3801 6145009 
 3802 47519 
 3803 1042768 
 3804 47794 
 3805 87168 
 3806 1153801 
 3807 4111669 
 3808 4011251 
 3809 3155244 
 3810 4181290 
 3811 166524 
 3812 25027 
 3813 4038088 
 3814 176094 
 3815 6090070 
 3816 5059129 
 3817 4008886 
 3818 2130573 
 3819 7163465 
 3820 114335 
 3821 1999688 
 3822 1075435 
 3823 4031433 
 3824 1142526 
 3825 2129033 
 3826 6169371 
 3827 6087375 
 3828 2118693 
 3829 5131005 
 3830 42514 
 3831 1142416 
 3832 4153188 
 3833 5008975 
 3834 6008184 
 3835 3078253 
 3836 2145530 
 3837 6116027 
 3838 4107599 
 3839 1096882 
 3840 3125877 
 3841 4083402 
 3842 4082027 
 3843 4158358 
 3844 3183621 
 3845 6041731 
 3846 1019781 
 3847 997894 
 3848 4024283 
 3849 172684 
 3850 4136636 
 3851 168559 
 3852 3161954 
 3853 6107777 
 3854 139137 
 3855 3080728 
 3856 6008734 
 3857 1002679 
 3858 7122991 
 3859 7018723 
 3860 5154102 
 3861 997179 
 3862 2078989 
 3863 4062725 
 3864 114940 
 3865 3034149 
 3866 7161925 
 3867 7998850 
 3868 2046762 
 3869 2020585 
 3870 7071847 
 3871 4153628 
 3872 2078439 
 3873 2182542 
 3874 3058731 
 3875 1090557 
 3876 75071 
 3877 7017458 
 3878 3029639 
 3879 7046110 
 3880 49609 
 3881 4054310 
 3882 25467 
 3883 2078824 
 3884 3122082 
 3885 6044096 
 3886 4049085 
 3887 3180651 
 3888 1119814 
 3889 7123871 
 3890 1991713 
 3891 5066664 
 3892 5155202 
 3893 5116818 
 3894 4034513 
 3895 7170285 
 3896 1025006 
 3897 4131356 
 3898 4103969 
 3899 2127383 
 3900 42789 
 3901 5139915 
 3902 7015588 
 3903 5032347 
 3904 2178582 
 3905 6031886 
 3906 2995762 
 3907 7095549 
 3908 3058786 
 3909 3072533 
 3910 1044033 
 3911 5103343 
 3912 6112067 
 3913 7009593 
 3914 5030312 
 3915 7161375 
 3916 1996608 
 3917 123575 
 3918 4028903 
 3919 3099975 
 3920 2028615 
 3921 2103296 
 3922 7144383 
 3923 3000712 
 3924 1042933 
 3925 6170031 
 3926 7165995 
 3927 4162208 
 3928 2056497 
 3929 2178637 
 3930 7015753 
 3931 7033185 
 3932 2002493 
 3933 4005366 
 3934 1178933 
 3935 3123182 
 3936 1998588 
 3937 6141489 
 3938 7010583 
 3939 4051340 
 3940 115490 
 3941 5108953 
 3942 5129685 
 3943 3059666 
 3944 2095046 
 3945 117250 
 3946 1144286 
 3947 7084989 
 3948 3028814 
 3949 98608 
 3950 6088805 
 3951 6036946 
 3952 4062340 
 3953 7018888 
 3954 164764 
 3955 2150260 
 3956 3033764 
 3957 1039908 
 3958 4008996 
 3959 5034162 
 3960 3007532 
 3961 65336 
 3962 4109854 
 3963 163224 
 3964 1172388 
 3965 5055939 
 3966 1091547 
 3967 6135329 
 3968 3157004 
 3969 2003868 
 3970 1145936 
 3971 5106698 
 3972 5141180 
 3973 6014839 
 3974 3185876 
 3975 24532 
 3976 7018613 
 3977 7071022 
 3978 152172 
 3979 3181311 
 3980 74906 
 3981 5164552 
 3982 6132414 
 3983 2103956 
 3984 2152955 
 3985 1066635 
 3986 2004253 
 3987 4055630 
 3988 7008273 
 3989 6042886 
 3990 3082928 
 3991 6067633 
 3992 3097610 
 3993 5012275 
 3994 5164882 
 3995 13972 
 3996 4113704 
 3997 5060064 
 3998 46254 
 3999 5110328 
 4000 3175536 
 4001 4125581 
 4002 6041896 
 4003 4079607 
 4004 5157512 
 4005 1092812 
 4006 146122 
 4007 2030320 
 4008 2177867 
 4009 5110108 
 4010 3024799 
 4011 4151923 
 4012 2048632 
 4013 2106266 
 4014 2173797 
 4015 1048103 
 4016 998499 
 4017 2003263 
 4018 1075050 
 4019 7138058 
 4020 49719 
 4021 166579 
 4022 7096869 
 4023 3022159 
 4024 5060889 
 4025 2080749 
 4026 1144451 
 4027 1154241 
 4028 7991975 
 4029 1176073 
 4030 7035440 
 4031 7010418 
 4032 4002176 
 4033 6089630 
 4034 4183435 
 4035 4062450 
 4036 6016434 
 4037 6135879 
 4038 6066258 
 4039 3100250 
 4040 71001 
 4041 5111978 
 4042 3099645 
 4043 7141798 
 4044 5110438 
 4045 90248 
 4046 37344 
 4047 7021968 
 4048 7141083 
 4049 7114851 
 4050 4153298 
 4051 1095232 
 4052 1099357 
 4053 6162826 
 4054 3185216 
 4055 4180245 
 4056 1026106 
 4057 997564 
 4058 2017725 
 4059 1128559 
 4060 5058304 
 4061 4113319 
 4062 7083889 
 4063 3033324 
 4064 87993 
 4065 6159911 
 4066 3132147 
 4067 5141510 
 4068 7033295 
 4069 41029 
 4070 7144768 
 4071 1146541 
 4072 5032457 
 4073 5107908 
 4074 2157465 
 4075 3106355 
 4076 44934 
 4077 2048082 
 4078 2056057 
 4079 6038926 
 4080 5109228 
 4081 4086812 
 4082 2017780 
 4083 2157685 
 4084 163884 
 4085 4187395 
 4086 3103715 
 4087 1173268 
 4088 1026161 
 4089 4076967 
 4090 1045738 
 4091 1102767 
 4092 6067908 
 4093 4036383 
 4094 7039400 
 4095 1021871 
 4096 4104519 
 4097 2023170 
 4098 25082 
 4099 4165068 
 4100 1142251 
 4101 7986365 
 4102 7094394 
 4103 4083952 
 4104 126875 
 4105 7093734 
 4106 1119209 
 4107 7035605 
 4108 1151436 
 4109 2130628 
 4110 4051835 
 4111 2127988 
 4112 3029529 
 4113 1103867 
 4114 6160296 
 4115 1079120 
 4116 2097246 
 4117 7013993 
 4118 144637 
 4119 3096565 
 4120 2183917 
 4121 3123237 
 4122 1016646 
 4123 5060284 
 4124 6111792 
 4125 7069042 
 4126 3150184 
 4127 6068238 
 4128 3125107 
 4129 2076019 
 4130 5106808 
 4131 1101062 
 4132 2053032 
 4133 1093032 
 4134 6065213 
 4135 4111889 
 4136 7118811 
 4137 5108513 
 4138 1998148 
 4139 3999976 
 4140 5109778 
 4141 7017403 
 4142 6087980 
 4143 4061185 
 4144 7121451 
 4145 3048226 
 4146 7167700 
 4147 6082920 
 4148 1996278 
 4149 5062594 
 4150 5109448 
 4151 5061384 
 4152 3149964 
 4153 5139640 
 4154 7146693 
 4155 5161252 
 4156 6030126 
 4157 7033790 
 4158 5117038 
 4159 1021981 
 4160 3045861 
 4161 5063529 
 4162 5156797 
 4163 7114301 
 4164 2078659 
 4165 5140190 
 4166 173234 
 4167 1093087 
 4168 3025679 
 4169 1146706 
 4170 1143461 
 4171 2051437 
 4172 5114288 
 4173 6092435 
 4174 1018626 
 4175 1071585 
 4176 5091686 
 4177 6058448 
 4178 7170065 
 4179 4108754 
 4180 5082061 
 4181 6133569 
 4182 5140410 
 4183 6117017 
 4184 90908 
 4185 2003153 
 4186 99158 
 4187 7110341 
 4188 5106588 
 4189 7066457 
 4190 989534 
 4191 3132422 
 4192 7135198 
 4193 3074018 
 4194 163554 
 4195 4025878 
 4196 4179970 
 4197 4002781 
 4198 3002472 
 4199 2069584 
 4200 999599 
 4201 74741 
 4202 7146143 
 4203 1116074 
 4204 7060407 
 4205 4049195 
 4206 5028112 
 4207 5166917 
 4208 4060195 
 4209 2104451 
 4210 5087231 
 4211 5085361 
 4212 6007194 
 4213 6006479 
 4214 7987630 
 4215 6068623 
 4216 7115786 
 4217 14907 
 4218 4103804 
 4219 2126668 
 4220 7019053 
 4221 5055609 
 4222 5087671 
 4223 3007752 
 4224 1122454 
 4225 6162111 
 4226 2094276 
 4227 1066470 
 4228 143812 
 4229 6016324 
 4230 3054386 
 4231 5060999 
 4232 6144679 
 4233 1150556 
 4234 6167061 
 4235 3104815 
 4236 2129253 
 4237 152337 
 4238 4139496 
 4239 6062738 
 4240 1999633 
 4241 3025899 
 4242 141722 
 4243 3126207 
 4244 62751 
 4245 5114123 
 4246 1171233 
 4247 4025273 
 4248 1078460 
 4249 1155451 
 4250 1068175 
 4251 7012398 
 4252 5009470 
 4253 2052262 
 4254 5014475 
 4255 1129274 
 4256 7145373 
 4257 2119903 
 4258 7991700 
 4259 4052660 
 4260 5163617 
 4261 1998313 
 4262 6032381 
 4263 4129596 
 4264 169604 
 4265 3055486 
 4266 6013959 
 4267 20022 
 4268 5107963 
 4269 113290 
 4270 3009567 
 4271 6166291 
 4272 3173831 
 4273 3102670 
 4274 1027096 
 4275 3059831 
 4276 1026931 
 4277 139522 
 4278 5079916 
 4279 3058456 
 4280 5085911 
 4281 6139454 
 4282 7066897 
 4283 4178705 
 4284 172519 
 4285 7116061 
 4286 2127878 
 4287 95638 
 4288 1000864 
 4289 6014399 
 4290 3133632 
 4291 1100182 
 4292 2046542 
 4293 7036045 
 4294 3173446 
 4295 2154880 
 4296 4138341 
 4297 2174402 
 4298 3131597 
 4299 4009986 
 4300 3080508 
 4301 2053362 
 4302 7095714 
 4303 5114398 
 4304 1070265 
 4305 7089829 
 4306 166744 
 4307 2147895 
 4308 7092304 
 4309 4133721 
 4310 4012681 
 4311 13147 
 4312 5113683 
 4313 1175358 
 4314 6038706 
 4315 7047210 
 4316 7114686 
 4317 4079222 
 4318 1040458 
 4319 6043161 
 4320 7998245 
 4321 4189265 
 4322 6039091 
 4323 2050007 
 4324 6168656 
 4325 4136196 
 4326 63301 
 4327 1170023 
 4328 4031158 
 4329 7038355 
 4330 4164188 
 4331 23597 
 4332 2078164 
 4333 5137055 
 4334 7046550 
 4335 1050028 
 4336 5167687 
 4337 1044913 
 4338 2996257 
 4339 3007862 
 4340 2044727 
 4341 7989940 
 4342 2122763 
 4343 3124942 
 4344 3101845 
 4345 2120783 
 4346 5083106 
 4347 1076260 
 4348 5034382 
 4349 14742 
 4350 39379 
 4351 6114652 
 4352 2026800 
 4353 2155265 
 4354 6111627 
 4355 2145255 
 4356 171089 
 4357 4002451 
 4358 3053836 
 4359 3174381 
 4360 2049017 
 4361 4083017 
 4362 6034471 
 4363 7019273 
 4364 3055376 
 4365 3126977 
 4366 6013629 
 4367 1141096 
 4368 4100559 
 4369 4182720 
 4370 1143956 
 4371 994869 
 4372 2073159 
 4373 2157795 
 4374 3030024 
 4375 7135858 
 4376 116920 
 4377 6111957 
 4378 999819 
 4379 3173886 
 4380 3097445 
 4381 6106347 
 4382 2097466 
 4383 4057390 
 4384 7122111 
 4385 4110129 
 4386 3176911 
 4387 7064917 
 4388 4102704 
 4389 7093514 
 4390 2123533 
 4391 1051348 
 4392 5130070 
 4393 7067612 
 4394 7070692 
 4395 7065687 
 4396 1039798 
 4397 2079429 
 4398 7013883 
 4399 47464 
 4400 6164531 
 4401 42184 
 4402 2996037 
 4403 124125 
 4404 7065082 
 4405 96518 
 4406 3187251 
 4407 1178823 
 4408 2104011 
 4409 4177440 
 4410 4103859 
 4411 2173687 
 4412 7046935 
 4413 73806 
 4414 7022243 
 4415 2082014 
 4416 5012825 
 4417 5134690 
 4418 4155388 
 4419 1024291 
 4420 7117711 
 4421 7061672 
 4422 2031365 
 4423 6133019 
 4424 3152274 
 4425 1077195 
 4426 145737 
 4427 1125809 
 4428 138697 
 4429 5038562 
 4430 3057411 
 4431 3031289 
 4432 7098024 
 4433 1129659 
 4434 4164133 
 4435 74466 
 4436 5055664 
 4437 125995 
 4438 7088289 
 4439 141392 
 4440 65061 
 4441 6132139 
 4442 5103618 
 4443 7063542 
 4444 6091500 
 4445 152392 
 4446 4052165 
 4447 5066444 
 4448 149972 
 4449 1099027 
 4450 6164696 
 4451 3073358 
 4452 3051251 
 4453 1077745 
 4454 2144430 
 4455 3151064 
 4456 4054970 
 4457 5158062 
 4458 2998512 
 4459 4104409 
 4460 3021939 
 4461 2094551 
 4462 2144925 
 4463 3058896 
 4464 4076087 
 4465 116425 
 4466 5009250 
 4467 6091665 
 4468 7166050 
 4469 6082645 
 4470 125445 
 4471 4058050 
 4472 2103461 
 4473 5033722 
 4474 3046411 
 4475 1028141 
 4476 2104231 
 4477 1167438 
 4478 1019176 
 4479 1124929 
 4480 7059747 
 4481 4081367 
 4482 1051403 
 4483 7068987 
 4484 4087362 
 4485 6108932 
 4486 1022036 
 4487 1155341 
 4488 6016709 
 4489 6163651 
 4490 3186041 
 4491 6055643 
 4492 20957 
 4493 4061900 
 4494 3071708 
 4495 2067989 
 4496 49389 
 4497 7072012 
 4498 5130180 
 4499 6042721 
 4500 6156996 
 4501 1016206 
 4502 3056036 
 4503 988599 
 4504 4031543 
 4505 5015740 
 4506 3002527 
 4507 150687 
 4508 2045882 
 4509 6038871 
 4510 4151153 
 4511 4156983 
 4512 1048378 
 4513 5030862 
 4514 3003847 
 4515 7045945 
 4516 6065048 
 4517 4158083 
 4518 4037923 
 4519 3073193 
 4520 4125306 
 4521 7016028 
 4522 6009119 
 4523 5156962 
 4524 1013951 
 4525 11937 
 4526 5003365 
 4527 141447 
 4528 119340 
 4529 5013925 
 4530 1999413 
 4531 1019121 
 4532 5080961 
 4533 4178320 
 4534 5062154 
 4535 7042370 
 4536 4104189 
 4537 5162957 
 4538 177194 
 4539 3054606 
 4540 6044041 
 4541 163499 
 4542 21342 
 4543 6120262 
 4544 2994882 
 4545 119835 
 4546 5128420 
 4547 4058380 
 4548 3174161 
 4549 6010989 
 4550 2997632 
 4551 5083821 
 4552 7988070 
 4553 6169921 
 4554 1017086 
 4555 5157897 
 4556 1070815 
 4557 3080233 
 4558 7995495 
 4559 165479 
 4560 7120076 
 4561 1153141 
 4562 175709 
 4563 3057576 
 4564 1027206 
 4565 996409 
 4566 5115498 
 4567 2179077 
 4568 47904 
 4569 4130146 
 4570 4135756 
 4571 5140300 
 4572 1147861 
 4573 73146 
 4574 2101866 
 4575 7143943 
 4576 3182466 
 4577 3049381 
 4578 2147290 
 4579 1153196 
 4580 6036286 
 4581 7040115 
 4582 5029432 
 4583 7036265 
 4584 6042611 
 4585 3059886 
 4586 7098244 
 4587 7995110 
 4588 4100834 
 4589 3105915 
 4590 2073819 
 4591 3075283 
 4592 4000416 
 4593 7997255 
 4594 4059480 
 4595 3031344 
 4596 4182775 
 4597 3007312 
 4598 989809 
 4599 7016523 
 4600 163609 
 4601 4084557 
 4602 7116281 
 4603 4127836 
 4604 3008577 
 4605 4062285 
 4606 4101109 
 4607 5084151 
 4608 5142005 
 4609 7148013 
 4610 70616 
 4611 91348 
 4612 2052207 
 4613 2095156 
 4614 3134127 
 4615 1997983 
 4616 3002362 
 4617 3136052 
 4618 3050591 
 4619 7136573 
 4620 2048687 
 4621 6039586 
 4622 2119243 
 4623 18097 
 4624 6167391 
 4625 6167611 
 4626 6087540 
 4627 1145496 
 4628 2132773 
 4629 3026119 
 4630 3178396 
 4631 4079497 
 4632 3074898 
 4633 5131830 
 4634 5065729 
 4635 4139386 
 4636 16997 
 4637 1116899 
 4638 2997467 
 4639 3057246 
 4640 5089156 
 4641 2101426 
 4642 6081820 
 4643 75346 
 4644 6062023 
 4645 7987025 
 4646 5039772 
 4647 4164463 
 4648 6087815 
 4649 4176835 
 4650 3175701 
 4651 3059776 
 4652 7113421 
 4653 2097411 
 4654 1073400 
 4655 4082962 
 4656 3127802 
 4657 5008810 
 4658 3184171 
 4659 3109820 
 4660 4114364 
 4661 6085395 
 4662 165094 
 4663 3030409 
 4664 3147709 
 4665 1027976 
 4666 3006817 
 4667 1068835 
 4668 7992800 
 4669 7091534 
 4670 4156543 
 4671 1116679 
 4672 2102141 
 4673 2071839 
 4674 5005785 
 4675 14357 
 4676 2149490 
 4677 5086626 
 4678 2077614 
 4679 7147353 
 4680 3150239 
 4681 2068429 
 4682 5104718 
 4683 3133302 
 4684 2132168 
 4685 143152 
 4686 2077229 
 4687 1127459 
 4688 2129308 
 4689 3102395 
 4690 2127328 
 4691 5061659 
 4692 17822 
 4693 2055452 
 4694 2128758 
 4695 7047650 
 4696 2051932 
 4697 97343 
 4698 5007655 
 4699 7111826 
 4700 4101824 
 4701 6005214 
 4702 3009017 
 4703 5037297 
 4704 6063673 
 4705 3023094 
 4706 2055012 
 4707 3182026 
 4708 6089740 
 4709 6059108 
 4710 4000911 
 4711 3023699 
 4712 1143296 
 4713 177854 
 4714 2069199 
 4715 3127032 
 4716 3025844 
 4717 4024943 
 4718 5103948 
 4719 1130264 
 4720 1123499 
 4721 5008755 
 4722 1146926 
 4723 7061287 
 4724 5010955 
 4725 2108026 
 4726 2128373 
 4727 5004080 
 4728 15072 
 4729 3149359 
 4730 4150493 
 4731 5029872 
 4732 6139509 
 4733 6031776 
 4734 1094297 
 4735 1127569 
 4736 7045395 
 4737 13862 
 4738 7033240 
 4739 3155519 
 4740 1018681 
 4741 1151051 
 4742 3020454 
 4743 6086495 
 4744 6033921 
 4745 2055287 
 4746 3079848 
 4747 3186921 
 4748 6014124 
 4749 140787 
 4750 4189430 
 4751 2174787 
 4752 5002925 
 4753 2106761 
 4754 3160689 
 4755 2183092 
 4756 7119416 
 4757 7014433 
 4758 5062539 
 4759 7992525 
 4760 2021575 
 4761 151347 
 4762 1025061 
 4763 1001524 
 4764 3999096 
 4765 3129892 
 4766 145462 
 4767 2103021 
 4768 7063212 
 4769 6008019 
 4770 46969 
 4771 3047456 
 4772 3025239 
 4773 1023631 
 4774 139467 
 4775 1125314 
 4776 3082213 
 4777 5009580 
 4778 3179661 
 4779 1014831 
 4780 3130112 
 4781 6133294 
 4782 6158261 
 4783 6010494 
 4784 1145056 
 4785 4030443 
 4786 1142746 
 4787 2158730 
 4788 5140685 
 4789 2028450 
 4790 97453 
 4791 5111208 
 4792 4035943 
 4793 3072478 
 4794 7144878 
 4795 4011526 
 4796 2107146 
 4797 3153319 
 4798 3108775 
 4799 3034204 
 4800 7043195 
 4801 3129122 
 4802 2156420 
 4803 100533 
 4804 6093700 
 4805 6068403 
 4806 3998051 
 4807 5131115 
 4808 1001689 
 4809 2999667 
 4810 166029 
 4811 5193149 
 4812 1127844 
 4813 142052 
 4814 3150129 
 4815 3127692 
 4816 6141544 
 4817 5032402 
 4818 6012584 
 4819 4102649 
 4820 7061452 
 4821 3106795 
 4822 7144603 
 4823 5087121 
 4824 3155079 
 4825 3021169 
 4826 996024 
 4827 1024456 
 4828 5086956 
 4829 6012694 
 4830 64511 
 4831 6032326 
 4832 4157148 
 4833 4059095 
 4834 2097796 
 4835 65996 
 4836 7093404 
 4837 3071818 
 4838 2130958 
 4839 140567 
 4840 2155430 
 4841 4128991 
 4842 5115443 
 4843 6043106 
 4844 3074403 
 4845 998994 
 4846 5112418 
 4847 4184150 
 4848 6062188 
 4849 5130235 
 4850 1077910 
 4851 2995267 
 4852 4189650 
 4853 6031391 
 4854 4031763 
 4855 2996422 
 4856 2077724 
 4857 3047126 
 4858 3159589 
 4859 7115731 
 4860 2020640 
 4861 3130992 
 4862 1043813 
 4863 1127954 
 4864 4012296 
 4865 7147133 
 4866 114775 
 4867 1003119 
 4868 988929 
 4869 6110967 
 4870 7144933 
 4871 126655 
 4872 2044947 
 4873 1123994 
 4874 6043271 
 4875 6068128 
 4876 3033709 
 4877 1025611 
 4878 4059645 
 4879 174279 
 4880 7059252 
 4881 36299 
 4882 4001516 
 4883 5160042 
 4884 994484 
 4885 1993748 
 4886 4162373 
 4887 2078219 
 4888 1149566 
 4889 75236 
 4890 5038012 
 4891 2131948 
 4892 1021926 
 4893 3084743 
 4894 5134305 
 4895 6089685 
 4896 4176230 
 4897 7068602 
 4898 1002899 
 4899 4111229 
 4900 2124578 
 4901 1101612 
 4902 3155574 
 4903 3153099 
 4904 2152020 
 4905 5083491 
 4906 25412 
 4907 3073633 
 4908 2028945 
 4909 7095934 
 4910 5111813 
 4911 4030773 
 4912 5007710 
 4913 5054179 
 4914 3122852 
 4915 5088276 
 4916 1071035 
 4917 98883 
 4918 48399 
 4919 5052859 
 4920 67041 
 4921 1997653 
 4922 3060161 
 4923 72816 
 4924 7095494 
 4925 6085670 
 4926 5035372 
 4927 5006775 
 4928 4082302 
 4929 7038245 
 4930 3083753 
 4931 6068953 
 4932 2070134 
 4933 5085416 
 4934 989094 
 4935 4001626 
 4936 3149414 
 4937 3053341 
 4938 7010803 
 4939 2995872 
 4940 6069118 
 4941 6085230 
 4942 1167218 
 4943 2119078 
 4944 7015643 
 4945 4185800 
 4946 7172430 
 4947 95528 
 4948 3125657 
 4949 3999206 
 4950 7142073 
 4951 6087485 
 4952 7146583 
 4953 1167108 
 4954 7097529 
 4955 4152528 
 4956 5015300 
 4957 3153539 
 4958 7116721 
 4959 139797 
 4960 6114817 
 4961 5164332 
 4962 149037 
 4963 3006762 
 4964 6115477 
 4965 7035110 
 4966 3130167 
 4967 2067934 
 4968 6140774 
 4969 3187416 
 4970 5114343 
 4971 5103563 
 4972 5064574 
 4973 3055321 
 4974 3174931 
 4975 4052055 
 4976 5004355 
 4977 4131961 
 4978 5005510 
 4979 6063123 
 4980 3101900 
 4981 14467 
 4982 5015575 
 4983 6137034 
 4984 1126469 
 4985 171529 
 4986 1141976 
 4987 2122048 
 4988 7037695 
 4989 5089486 
 4990 4062175 
 4991 13532 
 4992 7061727 
 4993 7111221 
 4994 2133158 
 4995 4180355 
 4996 7089499 
 4997 4155223 
 4998 3076328 
 4999 1178768 
 5000 2003373 
 5001 3124557 
 5002 4130531 
 5003 2101261 
 5004 7111606 
 5005 5167247 
 5006 7163795 
 5007 3159479 
 5008 6160681 
 5009 7084329 
 5010 7018943 
 5011 7090819 
 5012 2171377 
 5013 1095342 
 5014 5061714 
 5015 2004638 
 5016 4151098 
 5017 4003881 
 5018 1152921 
 5019 4112989 
 5020 4030388 
 5021 6009174 
 5022 5108678 
 5023 1145991 
 5024 3022599 
 5025 2052097 
 5026 3129837 
 5027 23762 
 5028 1052668 
 5029 5036967 
 5030 990194 
 5031 6137694 
 5032 170264 
 5033 2996642 
 5034 6109702 
 5035 1023301 
 5036 7167920 
 5037 1049918 
 5038 6135659 
 5039 149587 
 5040 2070684 
 5041 6110087 
 5042 4102154 
 5043 1176513 
 5044 144142 
 5045 2045937 
 5046 3082378 
 5047 2096421 
 5048 991679 
 5049 1069880 
 5050 3161679 
 5051 5114068 
 5052 123190 
 5053 4139551 
 5054 3157829 
 5055 1044363 
 5056 6165081 
 5057 1999743 
 5058 7111001 
 5059 3005662 
 5060 3024854 
 5061 4163088 
 5062 7167810 
 5063 4185745 
 5064 6009229 
 5065 6060538 
 5066 7111056 
 5067 3998216 
 5068 119395 
 5069 3100525 
 5070 3157609 
 5071 4007016 
 5072 6036066 
 5073 3125327 
 5074 1039413 
 5075 7138333 
 5076 6083360 
 5077 5163122 
 5078 72156 
 5079 996079 
 5080 7167480 
 5081 7115346 
 5082 5157952 
 5083 7090929 
 5084 2157960 
 5085 5134580 
 5086 1142306 
 5087 6017974 
 5088 3105970 
 5089 3155904 
 5090 2022620 
 5091 3003352 
 5092 3021774 
 5093 4109909 
 5094 6110692 
 5095 144032 
 5096 1027756 
 5097 5117313 
 5098 125555 
 5099 6161396 
 5100 7985320 
 5101 1142801 
 5102 6004829 
 5103 6004884 
 5104 6066863 
 5105 7112376 
 5106 3027164 
 5107 2995157 
 5108 6066423 
 5109 6039146 
 5110 48454 
 5111 169494 
 5112 2182982 
 5113 5010075 
 5114 4002286 
 5115 4023678 
 5116 1044528 
 5117 7110121 
 5118 4030168 
 5119 145682 
 5120 1170573 
 5121 4077407 
 5122 3031674 
 5123 7015148 
 5124 2081354 
 5125 1167933 
 5126 5013045 
 5127 4000746 
 5128 6161561 
 5129 6016874 
 5130 7019383 
 5131 2100931 
 5132 3081388 
 5133 5065289 
 5134 1995453 
 5135 4034898 
 5136 1995178 
 5137 5033062 
 5138 5009745 
 5139 4129651 
 5140 2052042 
 5141 6018744 
 5142 3053891 
 5143 2153120 
 5144 1067515 
 5145 2153835 
 5146 5081786 
 5147 2174897 
 5148 3135062 
 5149 6093205 
 5150 1078240 
 5151 3081333 
 5152 5029487 
 5153 117470 
 5154 2006398 
 5155 5135790 
 5156 4028573 
 5157 4053320 
 5158 4060030 
 5159 2126833 
 5160 6016489 
 5161 4108809 
 5162 2174127 
 5163 2144210 
 5164 4163968 
 5165 6141049 
 5166 119725 
 5167 6115312 
 5168 62696 
 5169 2056717 
 5170 3049436 
 5171 4077737 
 5172 4003771 
 5173 1995398 
 5174 2176822 
 5175 5063254 
 5176 6009559 
 5177 72596 
 5178 11772 
 5179 5006940 
 5180 2004033 
 5181 2145090 
 5182 7121176 
 5183 6132909 
 5184 6134779 
 5185 3180156 
 5186 5114893 
 5187 3029199 
 5188 3024964 
 5189 7163135 
 5190 7986640 
 5191 7119471 
 5192 1153031 
 5193 7994615 
 5194 3158709 
 5195 1096222 
 5196 1024621 
 5197 2018440 
 5198 7019218 
 5199 7136078 
 5200 3020509 
 5201 117360 
 5202 149202 
 5203 7135913 
 5204 7174630 
 5205 1176623 
 5206 1115689 
 5207 3075173 
 5208 91128 
 5209 1098587 
 5210 5029542 
 5211 70946 
 5212 2077119 
 5213 4176010 
 5214 7116336 
 5215 122145 
 5216 7992580 
 5217 2102196 
 5218 5106533 
 5219 3160139 
 5220 1064930 
 5221 7145483 
 5222 6063233 
 5223 1992153 
 5224 4101879 
 5225 2174017 
 5226 6167336 
 5227 5002705 
 5228 4023788 
 5229 4027638 
 5230 5131610 
 5231 1991933 
 5232 4126076 
 5233 1091052 
 5234 174884 
 5235 7033955 
 5236 2078384 
 5237 3998436 
 5238 4134271 
 5239 2006013 
 5240 2120508 
 5241 2017395 
 5242 7998025 
 5243 1022311 
 5244 1052503 
 5245 3160359 
 5246 2095651 
 5247 1144341 
 5248 2071124 
 5249 4006136 
 5250 6168986 
 5251 6085120 
 5252 5058854 
 5253 1994573 
 5254 6010164 
 5255 4187010 
 5256 1143901 
 5257 1099797 
 5258 4107654 
 5259 1991658 
 5260 4188935 
 5261 5008700 
 5262 1094682 
 5263 1097322 
 5264 5131665 
 5265 3046631 
 5266 7109186 
 5267 2022895 
 5268 2123478 
 5269 2004198 
 5270 7149223 
 5271 126270 
 5272 1092537 
 5273 4133006 
 5274 4035503 
 5275 2122103 
 5276 3009182 
 5277 5160097 
 5278 1098367 
 5279 1017636 
 5280 6110802 
 5281 1046508 
 5282 3176471 
 5283 6016049 
 5284 1051953 
 5285 7112706 
 5286 89148 
 5287 3183951 
 5288 2095376 
 5289 5115773 
 5290 2151140 
 5291 7999070 
 5292 7096319 
 5293 7014378 
 5294 3159644 
 5295 2103736 
 5296 3052791 
 5297 5031027 
 5298 6032876 
 5299 3076218 
 5300 5082226 
 5301 114995 
 5302 2104506 
 5303 99543 
 5304 7111386 
 5305 6061198 
 5306 72101 
 5307 1023796 
 5308 4181675 
 5309 4127781 
 5310 6159581 
 5311 2152350 
 5312 6167721 
 5313 3124227 
 5314 4078452 
 5315 6087760 
 5316 139962 
 5317 7061617 
 5318 2073654 
 5319 4088847 
 5320 5161472 
 5321 4081532 
 5322 7121286 
 5323 1023246 
 5324 4062560 
 5325 3059281 
 5326 5008645 
 5327 7035880 
 5328 2018055 
 5329 43889 
 5330 3106850 
 5331 6061033 
 5332 3123677 
 5333 5061604 
 5334 4105069 
 5335 2099556 
 5336 6171076 
 5337 7140423 
 5338 4076197 
 5339 2121003 
 5340 4057225 
 5341 3054881 
 5342 3107675 
 5343 38774 
 5344 4012516 
 5345 2019760 
 5346 3078363 
 5347 6043711 
 5348 5013650 
 5349 3153429 
 5350 7020098 
 5351 6066588 
 5352 5060724 
 5353 43064 
 5354 175599 
 5355 5130730 
 5356 7993625 
 5357 1078845 
 5358 2173247 
 5359 1042493 
 5360 19802 
 5361 5113133 
 5362 7160660 
 5363 4053650 
 5364 170759 
 5365 6082700 
 5366 5039332 
 5367 5159382 
 5368 2106376 
 5369 5163782 
 5370 2126008 
 5371 6116742 
 5372 2102471 
 5373 2181827 
 5374 112685 
 5375 1169638 
 5376 7037805 
 5377 6160846 
 5378 4126901 
 5379 65611 
 5380 7123156 
 5381 2132058 
 5382 2128538 
 5383 25302 
 5384 1092207 
 5385 1066690 
 5386 7020868 
 5387 6005049 
 5388 7065962 
 5389 3005277 
 5390 4158468 
 5391 7169570 
 5392 4030058 
 5393 66106 
 5394 2183972 
 5395 4181840 
 5396 5092126 
 5397 3109930 
 5398 4086922 
 5399 7116501 
 5400 1146431 
 5401 7993350 
 5402 169714 
 5403 5105928 
 5404 1179978 
 5405 4079057 
 5406 7020263 
 5407 4112274 
 5408 2172972 
 5409 168284 
 5410 3058291 
 5411 73641 
 5412 5142555 
 5413 7085319 
 5414 6043821 
 5415 164984 
 5416 3158544 
 5417 7989060 
 5418 2145970 
 5419 1066580 
 5420 4176560 
 5421 2177977 
 5422 3002747 
 5423 1176128 
 5424 145242 
 5425 5062044 
 5426 4184645 
 5427 173564 
 5428 4133171 
 5429 3003792 
 5430 1101777 
 5431 4133061 
 5432 7045010 
 5433 166359 
 5434 7145538 
 5435 6158756 
 5436 119450 
 5437 2047807 
 5438 7112266 
 5439 1001359 
 5440 5165377 
 5441 1143516 
 5442 3001977 
 5443 4024393 
 5444 1046563 
 5445 1076700 
 5446 7990655 
 5447 3047566 
 5448 7060132 
 5449 4177275 
 5450 37399 
 5451 7173310 
 5452 4053210 
 5453 5011505 
 5454 5056544 
 5455 4025163 
 5456 1153746 
 5457 1155231 
 5458 6029796 
 5459 1120089 
 5460 3129452 
 5461 1119924 
 5462 7093239 
 5463 6062298 
 5464 6171406 
 5465 2098896 
 5466 5014035 
 5467 1998203 
 5468 1999578 
 5469 4034403 
 5470 4029343 
 5471 1168538 
 5472 2024545 
 5473 1167163 
 5474 1044088 
 5475 1119979 
 5476 69626 
 5477 5029927 
 5478 1053823 
 5479 65281 
 5480 3130332 
 5481 122090 
 5482 5130345 
 5483 3009347 
 5484 2146520 
 5485 4152913 
 5486 4024998 
 5487 3185161 
 5488 2999282 
 5489 5061109 
 5490 6033701 
 5491 2146465 
 5492 1172553 
 5493 2068869 
 5494 7069317 
 5495 5079366 
 5496 64291 
 5497 2056552 
 5498 2095211 
 5499 7137618 
 5500 2073929 
 5501 4032258 
 5502 7991095 
 5503 5054124 
 5504 6015664 
 5505 5109723 
 5506 1044473 
 5507 3100085 
 5508 4051010 
 5509 4179035 
 5510 127040 
 5511 994594 
 5512 6008789 
 5513 2106101 
 5514 6037661 
 5515 2020805 
 5516 2045057 
 5517 75511 
 5518 1174698 
 5519 2123863 
 5520 2056992 
 5521 4075097 
 5522 5084316 
 5523 1098202 
 5524 7988510 
 5525 2018220 
 5526 991789 
 5527 2995927 
 5528 2044232 
 5529 998224 
 5530 7069372 
 5531 1049698 
 5532 5083271 
 5533 7071517 
 5534 1024346 
 5535 1173488 
 5536 1148081 
 5537 4126516 
 5538 4133941 
 5539 120715 
 5540 1166613 
 5541 3008357 
 5542 5164112 
 5543 5039497 
 5544 99818 
 5545 7067722 
 5546 6140334 
 5547 6058008 
 5548 5039442 
 5549 6033316 
 5550 2000238 
 5551 6084900 
 5552 4062395 
 5553 3123072 
 5554 66601 
 5555 2183532 
 5556 1116294 
 5557 150082 
 5558 4131466 
 5559 5114508 
 5560 12322 
 5561 115765 
 5562 5065124 
 5563 6033426 
 5564 2174952 
 5565 6136044 
 5566 4024338 
 5567 7987850 
 5568 1066745 
 5569 2179242 
 5570 5035812 
 5571 2156860 
 5572 6141709 
 5573 4004541 
 5574 5066609 
 5575 6160351 
 5576 4156598 
 5577 165149 
 5578 5105543 
 5579 5011065 
 5580 996134 
 5581 4138011 
 5582 6138574 
 5583 5035757 
 5584 14522 
 5585 6109427 
 5586 3048996 
 5587 4139716 
 5588 2018165 
 5589 4151978 
 5590 3178286 
 5591 5061164 
 5592 5014585 
 5593 1179428 
 5594 6109262 
 5595 5082941 
 5596 4181180 
 5597 1998698 
 5598 6114377 
 5599 3030244 
 5600 66986 
 5601 7045780 
 5602 2130408 
 5603 3007367 
 5604 4057940 
 5605 1028581 
 5606 2017615 
 5607 4129926 
 5608 1099742 
 5609 7110781 
 5610 142712 
 5611 44109 
 5612 1076425 
 5613 2106871 
 5614 2031145 
 5615 2119848 
 5616 7121726 
 5617 993219 
 5618 2025315 
 5619 4110239 
 5620 4107709 
 5621 4114309 
 5622 2094111 
 5623 5156742 
 5624 7997475 
 5625 3020234 
 5626 61596 
 5627 5031137 
 5628 3023809 
 5629 1151931 
 5630 4164683 
 5631 5053079 
 5632 7173640 
 5633 40754 
 5634 6056028 
 5635 4161823 
 5636 7116006 
 5637 5056159 
 5638 173399 
 5639 4007676 
 5640 68471 
 5641 2070299 
 5642 1043428 
 5643 94868 
 5644 7135583 
 5645 5061054 
 5646 1000424 
 5647 69351 
 5648 2119353 
 5649 2001283 
 5650 4127891 
 5651 3074073 
 5652 7097199 
 5653 7985815 
 5654 5135735 
 5655 7059472 
 5656 1047608 
 5657 2018880 
 5658 1155616 
 5659 2120618 
 5660 1067020 
 5661 7035715 
 5662 1117009 
 5663 24697 
 5664 4154948 
 5665 4158908 
 5666 61541 
 5667 39544 
 5668 5015630 
 5669 7098079 
 5670 6111132 
 5671 3050756 
 5672 7987355 
 5673 1053878 
 5674 2107201 
 5675 6038486 
 5676 37674 
 5677 4034568 
 5678 6017204 
 5679 3103825 
 5680 7033735 
 5681 12982 
 5682 6069888 
 5683 14632 
 5684 6006589 
 5685 1141536 
 5686 7138663 
 5687 1102547 
 5688 6059548 
 5689 2030210 
 5690 3020289 
 5691 3060381 
 5692 4083182 
 5693 1028196 
 5694 989919 
 5695 4164243 
 5696 4164793 
 5697 2179572 
 5698 3049546 
 5699 6005324 
 5700 3186261 
 5701 5142170 
 5702 5009635 
 5703 3184061 
 5704 147112 
 5705 6086165 
 5706 3104100 
 5707 36849 
 5708 4154563 
 5709 4099954 
 5710 118515 
 5711 168009 
 5712 2046597 
 5713 5065234 
 5714 2148225 
 5715 1149126 
 5716 3073523 
 5717 1077140 
 5718 6065543 
 5719 3999921 
 5720 7143283 
 5721 2128428 
 5722 7171990 
 5723 1077525 
 5724 7011793 
 5725 3178616 
 5726 5116763 
 5727 1994518 
 5728 7136738 
 5729 3079078 
 5730 1168923 
 5731 1017911 
 5732 7174245 
 5733 3107400 
 5734 1021706 
 5735 3175041 
 5736 7134813 
 5737 6166071 
 5738 7123596 
 5739 4101769 
 5740 138917 
 5741 7064972 
 5742 2042857 
 5743 7109516 
 5744 2175172 
 5745 4034348 
 5746 3186371 
 5747 3158929 
 5748 3097005 
 5749 5058634 
 5750 3106190 
 5751 20902 
 5752 3175866 
 5753 6068348 
 5754 149642 
 5755 3125547 
 5756 3052351 
 5757 71496 
 5758 6034581 
 5759 5154432 
 5760 45979 
 5761 74136 
 5762 4056235 
 5763 7069812 
 5764 3080178 
 5765 1144726 
 5766 3079628 
 5767 69406 
 5768 2183752 
 5769 1154351 
 5770 2152570 
 5771 2107916 
 5772 7085869 
 5773 5079586 
 5774 7996980 
 5775 3085733 
 5776 3004012 
 5777 2045497 
 5778 6059878 
 5779 23487 
 5780 64456 
 5781 7015258 
 5782 2049347 
 5783 3030134 
 5784 1018021 
 5785 15292 
 5786 6132524 
 5787 2182212 
 5788 7043745 
 5789 6158481 
 5790 7021088 
 5791 166964 
 5792 4128276 
 5793 1051073 
 5794 2022510 
 5795 3083313 
 5796 2172697 
 5797 1125479 
 5798 5110163 
 5799 2182817 
 5800 2005848 
 5801 2079044 
 5802 1117339 
 5803 4087967 
 5804 4088187 
 5805 7036100 
 5806 5053739 
 5807 7136243 
 5808 69076 
 5809 4132786 
 5810 1170188 
 5811 3181256 
 5812 2024325 
 5813 6092985 
 5814 4111724 
 5815 1147421 
 5816 21122 
 5817 2180122 
 5818 5053684 
 5819 2996202 
 5820 95198 
 5821 3148919 
 5822 1044693 
 5823 2121498 
 5824 5040927 
 5825 7011518 
 5826 3178121 
 5827 1178878 
 5828 1077470 
 5829 5009085 
 5830 5085471 
 5831 6085945 
 5832 2170387 
 5833 4025108 
 5834 3020564 
 5835 1073345 
 5836 5168017 
 5837 171749 
 5838 2030760 
 5839 5001825 
 5840 7140863 
 5841 7093074 
 5842 7165610 
 5843 4180795 
 5844 3024414 
 5845 101303 
 5846 3108720 
 5847 2119958 
 5848 6110747 
 5849 119945 
 5850 3032224 
 5851 5116158 
 5852 3133412 
 5853 7060022 
 5854 4100339 
 5855 176974 
 5856 4177550 
 5857 4132236 
 5858 4037428 
 5859 2126558 
 5860 5031577 
 5861 93108 
 5862 7987135 
 5863 4151318 
 5864 7011408 
 5865 2046982 
 5866 6035571 
 5867 74356 
 5868 1042383 
 5869 2148390 
 5870 5004025 
 5871 7143723 
 5872 94923 
 5873 1996993 
 5874 4030498 
 5875 1003174 
 5876 1141866 
 5877 3104540 
 5878 4159513 
 5879 4109469 
 5880 5107798 
 5881 7039675 
 5882 5155697 
 5883 7148398 
 5884 3128572 
 5885 67206 
 5886 2122818 
 5887 5002430 
 5888 6013574 
 5889 99708 
 5890 1019836 
 5891 1116789 
 5892 6030566 
 5893 6108107 
 5894 151127 
 5895 1129329 
 5896 6068568 
 5897 3147929 
 5898 1115744 
 5899 6063068 
 5900 2095596 
 5901 6086385 
 5902 140457 
 5903 992999 
 5904 115325 
 5905 5154377 
 5906 5164772 
 5907 4108314 
 5908 3048501 
 5909 5091631 
 5910 113400 
 5911 2004803 
 5912 1174643 
 5913 2183642 
 5914 3156399 
 5915 2103791 
 5916 4009931 
 5917 5105268 
 5918 3147984 
 5919 6134889 
 5920 7115016 
 5921 6111242 
 5922 6109372 
 5923 990029 
 5924 2180287 
 5925 991569 
 5926 5052474 
 5927 142162 
 5928 2081024 
 5929 3152604 
 5930 16392 
 5931 3998326 
 5932 4125801 
 5933 6137914 
 5934 7034175 
 5935 1014501 
 5936 2000183 
 5937 3155354 
 5938 118955 
 5939 2144870 
 5940 5032017 
 5941 2045002 
 5942 3005552 
 5943 7995165 
 5944 45374 
 5945 1155176 
 5946 1041778 
 5947 4153848 
 5948 2100051 
 5949 4100614 
 5950 7008163 
 5951 4157038 
 5952 7987465 
 5953 71551 
 5954 6157876 
 5955 163994 
 5956 89258 
 5957 2178197 
 5958 5133205 
 5959 2024215 
 5960 6035296 
 5961 2022400 
 5962 3085348 
 5963 3152879 
 5964 7019823 
 5965 1077360 
 5966 74521 
 5967 2055727 
 5968 5066279 
 5969 4024778 
 5970 4185525 
 5971 4133666 
 5972 2082289 
 5973 3108885 
 5974 3156069 
 5975 3150624 
 5976 4106994 
 5977 3072698 
 5978 1046728 
 5979 2054847 
 5980 4125086 
 5981 2094991 
 5982 6169426 
 5983 2128153 
 5984 1126744 
 5985 7090489 
 5986 7036155 
 5987 3105805 
 5988 7086474 
 5989 100588 
 5990 2144980 
 5991 7046440 
 5992 7161595 
 5993 2104286 
 5994 5005840 
 5995 3054276 
 5996 2079814 
 5997 3131322 
 5998 6107392 
 5999 4001186 
 6000 4079882 
 6001 75401 
 6002 6111297 
 6003 6064443 
 6004 6057843 
 6005 3184281 
 6006 4029013 
