 2046047 
 6016104 
 5003970 
 4078892 
 6089135 
 1090832 
 6166951 
 6005709 
 7096594 
 4082357 
 3080398 
 3059996 
 3052461 
 3076108 
 3136492 
 990414 
 5107578 
 43119 
 1122069 
 1027151 
 1024071 
 149697 
 4001406 
 1167823 
 5061549 
 1017031 
 4074987 
 170814 
 3181641 
 75566 
 3181201 
 3999646 
 5161142 
 4031598 
 5138430 
 3028869 
 1090392 
 4125636 
 2078494 
 3151449 
 2054242 
 7041325 
 1078295 
 2074809 
 2096036 
 2173907 
 7086914 
 4077462 
 12267 
 6088365 
 148542 
 4085547 
 4162923 
 6035131 
 3085568 
 44494 
 1039963 
 3075778 
 2017285 
 125830 
 4105729 
 7160220 
 5087176 
 2049512 
 126930 
 1070100 
 4012626 
 7088564 
 3030299 
 72981 
 89918 
 1098862 
 5005180 
 7986200 
 1117779 
 1027591 
 2132718 
 1115854 
 4126406 
 5058194 
 6163926 
 2097741 
 4161768 
 3031949 
 3132642 
 1020386 
 38664 
 6057953 
 3006597 
 1993363 
 2045607 
 5142665 
 7122716 
 7163630 
 2075744 
 1993638 
 7063817 
 5157787 
 3185711 
 3180266 
 3122907 
 3085073 
 5012715 
 1175743 
 4188110 
 2004088 
 2174842 
 115600 
 7068272 
 5115333 
 94538 
 6107997 
 7086639 
 3135227 
 3132972 
 5055114 
 1027811 
 4001901 
 2127933 
 7019658 
 7033625 
 3179826 
 1177063 
 6008239 
 5056599 
 4110954 
 1094132 
 6034251 
 7118316 
 1118934 
 3020949 
 6115807 
 169274 
 3077318 
 17052 
 6035791 
 2178307 
 3002967 
 3157719 
 3154639 
 4060800 
 1091987 
 113565 
 2072279 
 3074678 
 7109736 
 6089355 
 6092655 
 2001668 
 5038452 
 7137013 
 1028636 
 4128056 
 5027947 
 3183401 
 3998931 
 7123761 
 5163452 
 7038850 
 3028209 
 11552 
 67536 
 7034230 
 3004562 
 2105386 
 6013464 
 14687 
 69736 
 6059273 
 6062463 
 5011725 
 144582 
 5028332 
 122475 
 3055926 
 3053616 
 118845 
 3175151 
 144417 
 5005125 
 1097982 
 4099899 
 6088475 
 1120529 
 2027515 
 6009064 
 2154990 
 1068450 
 3106410 
 7143118 
 3127362 
 6008624 
 6118832 
 3049766 
 2080914 
 2020310 
 3184391 
 6058063 
 2170992 
 4001351 
 6168436 
 1053493 
 7036925 
 6009394 
 7169295 
 1152756 
 7142568 
 7041160 
 123795 
 6163321 
 2127438 
 6056193 
 4180300 
 4076252 
 1092262 
 2075249 
 7137728 
 145297 
 6088915 
 36629 
 1173158 
 2170937 
 6109977 
 13477 
 5031742 
 64566 
 22442 
 5084591 
 38499 
 7139708 
 176149 
 7018833 
 1169198 
 5078706 
 4183820 
 1142361 
 7042480 
 3001867 
 170099 
 4004156 
 2055562 
 2170772 
 44824 
 6007854 
 4036328 
 6011924 
 1074170 
 2179737 
 4100229 
 21837 
 3060271 
 4027858 
 10727 
 7041380 
 6034911 
 5132930 
 3048336 
 5133260 
 6138684 
 4153793 
 1102987 
 7999235 
 6065103 
 5136175 
 3129947 
 7167260 
 2103681 
 6066313 
 5059074 
 2071014 
 3182906 
 1999248 
 4050350 
 4125361 
 5110493 
 2129968 
 3021059 
 4162813 
 4058270 
 7042810 
 3105365 
 6112122 
 7994230 
 3161074 
 5086131 
 2150645 
 7020318 
 6157381 
 6065763 
 3001757 
 7169240 
 6139234 
 6137639 
 7119636 
 4186295 
 4006356 
 1065040 
 4134161 
 170704 
 2055067 
 4133831 
 98388 
 2182377 
 4127341 
 7068712 
 4186350 
 7036320 
 4112054 
 3034919 
 4187725 
 1172608 
 6113552 
 1180638 
 4157478 
 4081092 
 4125966 
 3173941 
 7123101 
 1118164 
 3051361 
 4082082 
 4059755 
 4187670 
 1099247 
 4180630 
 990359 
 7160880 
 6063013 
 4031378 
 4049745 
 7109791 
 7097364 
 3076933 
 5032677 
 144307 
 1174588 
 2029990 
 1094352 
 5105378 
 6012859 
 1045023 
 1074060 
 4009601 
 1995673 
 5108843 
 3174821 
 5078871 
 4027308 
 4185415 
 1071915 
 2021355 
 6083305 
 47739 
 2152460 
 5052144 
 5059624 
 2995817 
 3175646 
 2179517 
 1024566 
 5164717 
 2047312 
 6108602 
 2074039 
 7137398 
 4139441 
 6171131 
 74631 
 4138726 
 3077373 
 2183367 
 7017898 
 5065014 
 4026923 
 3075998 
 991294 
 5032072 
 1169363 
 176589 
 5130620 
 4056620 
 5162132 
 3177956 
 4132291 
 6059603 
 4034733 
 2000678 
 1050578 
 114005 
 2081629 
 1015436 
 3060051 
 1103702 
 145902 
 3156014 
 1168978 
 1001084 
 96188 
 1153636 
 7169405 
 4049360 
 4033523 
 1068615 
 6011099 
 7071462 
 5005345 
 3156894 
 7071572 
 1052118 
 6169591 
 7992635 
 1069495 
 6144349 
 45429 
 7141413 
 42074 
 119010 
 6136319 
 1017141 
 2069694 
 174334 
 5080576 
 3160744 
 2105221 
 7018558 
 6170471 
 3046081 
 5110273 
 7060737 
 1148411 
 115820 
 1092152 
 5039882 
 4075042 
 177414 
 1128834 
 4182830 
 6060758 
 7994890 
 7088014 
 4002396 
 7166435 
 4007181 
 6113112 
 101633 
 3074513 
 4189540 
 165534 
 4037758 
 7168965 
 5062924 
 3152384 
 1996553 
 138202 
 3157114 
 168339 
 23377 
 4152803 
 138037 
 7088179 
 144747 
 5161692 
 3133852 
 3121862 
 61871 
 7094449 
 7166380 
 2081574 
 6095075 
 7121616 
 6143359 
 1177448 
 4137351 
 172244 
 7109846 
 7044460 
 6038431 
 3008412 
 2098291 
 3184886 
 4025768 
 164214 
 4129266 
 5155367 
 1091932 
 7160330 
 990744 
 112465 
 4135866 
 42404 
 1100457 
 7037860 
 5137440 
 2049787 
 2050117 
 2106816 
 4112879 
 1148741 
 6055423 
 7090874 
 166689 
 6113442 
 2002713 
 3151834 
 3101405 
 7010748 
 2048192 
 7147188 
 7112816 
 6017534 
 4186515 
 7989555 
 96078 
 2031805 
 4035118 
 5112913 
 7014543 
 6081930 
 1166888 
 17877 
 1095397 
 4056290 
 1045078 
 2170277 
 6012199 
 5163947 
 2148170 
 2094441 
 7173860 
 7017018 
 3177626 
 7068492 
 14577 
 2170332 
 1172223 
 116370 
 1052558 
 7988015 
 6030951 
 4027583 
 2180837 
 5107248 
 7167095 
 1996663 
 62916 
 5168237 
 4103474 
 3051196 
 1019341 
 7034890 
 5031302 
 91183 
 88158 
 4113649 
 3049601 
 4101164 
 3152164 
 2021190 
 1076865 
 1145716 
 1066085 
 3147544 
 7084659 
 4005531 
 148322 
 40314 
 6018359 
 3161844 
 7040005 
 996629 
 4177055 
 3148204 
 7147298 
 6086220 
 3083698 
 7058537 
 6157656 
 1094902 
 6086055 
 7092744 
 4128551 
 6043491 
 3134457 
 7995880 
 4182225 
 6139894 
 2046322 
 5164497 
 2026195 
 3048556 
 7012013 
 4076747 
 5012990 
 6064993 
 1091107 
 7089664 
 143317 
 1994793 
 3187361 
 7016853 
 2179792 
 1128724 
 1149071 
 3075668 
 5032292 
 46529 
 1025941 
 5135955 
 3133687 
 62091 
 1091822 
 1129384 
 3128902 
 3004122 
 6034526 
 6044316 
 1020496 
 1092757 
 5139365 
 7148563 
 2023225 
 4136471 
 6115752 
 1071090 
 168174 
 6040246 
 997454 
 1992593 
 5009525 
 94758 
 4033633 
 6157601 
 5116433 
 4189980 
 1014061 
 5066169 
 7012068 
 1178658 
 5060394 
 994099 
 5053849 
 2071729 
 1103427 
 2144595 
 7041270 
 6081215 
 1069275 
 2055177 
 6135824 
 7034560 
 1142031 
 7066347 
 4006026 
 4178210 
 5061769 
 3149689 
 6090675 
 7986695 
 2069254 
 5039552 
 1178273 
 2081684 
 996849 
 2076789 
 5040817 
 991019 
 7110726 
 4012571 
 7016633 
 152062 
 2044067 
 2004418 
 5001275 
 3026339 
 1075710 
 2156035 
 4184315 
 1049643 
 3048006 
 1020221 
 2045827 
 2043737 
 94593 
 1995233 
 994979 
 1180143 
 5028167 
 1074665 
 3180101 
 1018736 
 7116611 
 7141743 
 2174292 
 5166202 
 4129431 
 3161184 
 6092545 
 7993295 
 6010549 
 4180685 
 5112968 
 6009889 
 6038211 
 1002184 
 6030016 
 6167171 
 2050777 
 5114453 
 1021376 
 5106863 
 5084646 
 3130717 
 4103584 
 6086000 
 1168153 
 3179881 
 5010515 
 46584 
 997674 
 2145475 
 7994285 
 1101997 
 4160228 
 4007951 
 97508 
 4152693 
 6060043 
 7067282 
 7011683 
 2121223 
 2182047 
 64951 
 115930 
 2150920 
 4190090 
 68086 
 7046605 
 4060690 
 6011319 
 1166668 
 1040733 
 6158646 
 5158887 
 7035990 
 2094936 
 1099907 
 4080542 
 14412 
 7145428 
 6132304 
 2081464 
 3159149 
 15402 
 3131487 
 5059844 
 6080720 
 65116 
 3027824 
 1151546 
 5107523 
 99488 
 4081862 
 5001440 
 1179648 
 3101570 
 1996883 
 7007888 
 97233 
 2098181 
 6007744 
 150247 
 2043407 
 6056413 
 3005387 
 6163871 
 3109710 
 4076527 
 3175921 
 1100897 
 7092139 
 7993075 
 45814 
 6170966 
 3174766 
 2123643 
 150742 
 2056772 
 989204 
 4111394 
 1141591 
 5084811 
 4130916 
 69681 
 7070252 
 6087320 
 3099095 
 2029110 
 992944 
 2183037 
 1044198 
 2043572 
 4178595 
 1149456 
 3131982 
 6142369 
 4101329 
 5008150 
 6043656 
 2147015 
 6092105 
 3024249 
 4024558 
 5089101 
 4005201 
 7059527 
 2147730 
 4100119 
 6114872 
 41689 
 4109689 
 5088441 
 172904 
 1099302 
 3029474 
 6066093 
 2128318 
 7063432 
 3004837 
 2124193 
 7166160 
 7161045 
 3085183 
 4112439 
 3004397 
 5088881 
 7040335 
 5058359 
 1177998 
 7135143 
 5168072 
 2144485 
 7141633 
 1100237 
 1995563 
 7095989 
 173014 
 7037475 
 2076074 
 2054682 
 6095020 
 4057885 
 4031818 
 4101604 
 1173103 
 116755 
 5030037 
 1077250 
 1100732 
 1093142 
 1002844 
 142602 
 121375 
 2152185 
 6064168 
 7123211 
 2119793 
 116700 
 4050955 
 7086749 
 13697 
 7162365 
 165644 
 5081951 
 3099865 
 1046288 
 3055816 
 992834 
 98113 
 2043957 
 1118109 
 7110011 
 169824 
 3999041 
 5085581 
 6016819 
 3184556 
 1041063 
 174719 
 4032918 
 6010769 
 6114982 
 3185326 
 5062429 
 4126296 
 93163 
 4007346 
 1095782 
 4162648 
 6005764 
 2052922 
 6011374 
 21177 
 3101680 
 2107091 
 5006885 
 151182 
 4050405 
 1178108 
 7070967 
 6110032 
 7988785 
 5104883 
 5112748 
 3101955 
 5055059 
 6110582 
 1068010 
 41414 
 3134402 
 16447 
 3109985 
 3006542 
 1051733 
 7119086 
 5032512 
 1121794 
 7068382 
 2074699 
 4005091 
 1128119 
 1051458 
 68636 
 6139289 
 4179255 
 164709 
 2075469 
 4003936 
 2022180 
 3084853 
 5165927 
 6012034 
 49334 
 5031412 
 6007139 
 2026580 
 4180575 
 4157918 
 2145640 
 3103165 
 7069427 
 4077957 
 90193 
 4134711 
 4075922 
 1048598 
 3110425 
 3050151 
 3105145 
 4059920 
 3031729 
 2102581 
 4049635 
 3135722 
 122915 
 3008302 
 1018131 
 2030650 
 6035681 
 4036163 
 1027371 
 3055871 
 7016138 
 3025514 
 3161624 
 148707 
 1049533 
 4127396 
 6094635 
 7088069 
 7992360 
 7166985 
 7985595 
 6160131 
 5141730 
 3175261 
 4186735 
 3034534 
 4112604 
 4103089 
 2171927 
 6014179 
 4181455 
 2153560 
 1090722 
 2095266 
 1151821 
 3078198 
 3081058 
 2057212 
 6168161 
 2056442 
 4081807 
 6042006 
 5090256 
 2148665 
 3099920 
 2132333 
 7072067 
 6086550 
 3074843 
 147992 
 3027054 
 3998546 
 4033248 
 2027240 
 39324 
 1074335 
 3173226 
 7994120 
 7091204 
 5027342 
 5062319 
 7143503 
 44274 
 145957 
 2054627 
 1097872 
 6139124 
 998884 
 4181345 
 4178100 
 6161836 
 20132 
 5001770 
 6010054 
 117965 
 4085932 
 1176733 
 4100009 
 19362 
 3182851 
 7087629 
 6106677 
 2178967 
 4085492 
 7170340 
 16227 
 6107172 
 3102450 
 148652 
 2051712 
 4080982 
 4050185 
 5084866 
 6082480 
 6144074 
 6119602 
 5160262 
 1168483 
 3059446 
 4112769 
 3157224 
 7121781 
 2104176 
 4029123 
 6156886 
 7014213 
 2056827 
 2097026 
 7139818 
 1022586 
 2080309 
 3084468 
 68581 
 2004693 
 3026504 
 6006039 
 7121231 
 5141015 
 3099810 
 1092097 
 6095130 
 6066753 
 3082873 
 42844 
 6144844 
 7043910 
 6033151 
 4103199 
 2183147 
 1100292 
 5027837 
 44439 
 4059700 
 1069440 
 1179923 
 2124908 
 3127087 
 5060449 
 1126909 
 7094174 
 43339 
 1096827 
 7060902 
 2005353 
 4003111 
 1040293 
 5064849 
 2170607 
 3022544 
 7098299 
 90633 
 4136251 
 996684 
 4125691 
 2996972 
 2021245 
 66821 
 4024228 
 1179043 
 4112219 
 6035406 
 119230 
 5166147 
 3026559 
 5036692 
 7135033 
 6113607 
 97013 
 2046652 
 6018524 
 5163562 
 2045112 
 7086254 
 2017945 
 4104739 
 2177922 
 5038287 
 7141523 
 3099590 
 2073214 
 5104498 
 123905 
 2077284 
 7172705 
 4012461 
 4135536 
 4007291 
 7164290 
 38554 
 66656 
 4176340 
 6064003 
 6159086 
 1075545 
 4077022 
 7041710 
 1014721 
 141557 
 5193259 
 5114178 
 4176120 
 5108018 
 3109875 
 7998135 
 2074259 
 5111758 
 4106554 
 4051285 
 4139111 
 1121959 
 4129101 
 6035186 
 5091081 
 4023458 
 6037001 
 123740 
 6164256 
 7085539 
 2080969 
 5107303 
 6143469 
 4008941 
 5157732 
 7134758 
 2157630 
 3045751 
 1102382 
 1127789 
 5157127 
 1155671 
 6081490 
 7014763 
 3179111 
 6106182 
 6143579 
 7017623 
 4108644 
 4114254 
 168834 
 5140740 
 137927 
 14797 
 2126063 
 2029440 
 49114 
 5131335 
 4105014 
 4055025 
 4023623 
 94208 
 2171157 
 6160461 
 6113387 
 2181772 
 2050392 
 2121113 
 7992305 
 7115071 
 100698 
 5033557 
 5036307 
 1046893 
 6082150 
 5135405 
 6134339 
 7065522 
 5115003 
 7061342 
 6010934 
 7143228 
 6007579 
 6119987 
 7119746 
 4179805 
 169384 
 4075757 
 1020771 
 165424 
 4079277 
 2121993 
 6063343 
 45154 
 5112253 
 3152439 
 7998685 
 7985760 
 5078266 
 1149181 
 5027232 
 4109964 
 7134703 
 6092765 
 5132160 
 17547 
 2024490 
 4177110 
 87938 
 2127218 
 2173137 
 4162153 
 1071970 
 7089444 
 4112164 
 3158049 
 3054551 
 1146321 
 3058676 
 4081697 
 3104045 
 4034458 
 3149524 
 2104396 
 7115896 
 4178375 
 6011044 
 2022455 
 1171563 
 7139213 
 6060648 
 13092 
 5010295 
 6140939 
 1996388 
 141282 
 48234 
 3160909 
 993549 
 100808 
 5037902 
 7060462 
 5105873 
 6140829 
 6163981 
 118790 
 4184590 
 1117559 
 168394 
 2081244 
 6080830 
 4131631 
 4028023 
 5077881 
 1018076 
 118130 
 6143139 
 6081600 
 1999083 
 2049732 
 3078528 
 7038630 
 7173035 
 3161019 
 3148809 
 4002561 
 5032842 
 6015444 
 1153581 
 7067997 
 151952 
 2077944 
 5129135 
 5037737 
 2081299 
 1123389 
 3052021 
 5116378 
 6088310 
 1998038 
 1015216 
 4052440 
 7085704 
 38994 
 990469 
 149807 
 144967 
 6134119 
 994374 
 95363 
 4160613 
 4000581 
 7062167 
 4003331 
 4108424 
 4001131 
 4108479 
 6017149 
 6080665 
 2045992 
 89533 
 16667 
 4030608 
 4138231 
 4131906 
 5040542 
 118185 
 119175 
 994759 
 2054517 
 6165356 
 7987685 
 65886 
 6014509 
 1093637 
 3124337 
 2149875 
 7070637 
 5108348 
 6116137 
 2074754 
 2174512 
 5079641 
 5003860 
 4000526 
 2078109 
 7090544 
 4050735 
 2052427 
 122805 
 7021143 
 4159073 
 170649 
 63191 
 5112803 
 3005937 
 2054572 
 4005036 
 6138354 
 167679 
 5014365 
 5036032 
 6032491 
 1151656 
 5077991 
 6034031 
 4030718 
 7072122 
 7141358 
 72871 
 5156247 
 1123829 
 2997962 
 3022874 
 3080893 
 1053163 
 3029859 
 4129486 
 4055685 
 5053574 
 40424 
 2078769 
 5164662 
 2005738 
 3100635 
 1050908 
 2153450 
 7112761 
 5134525 
 5080191 
 6084790 
 7149113 
 3179551 
 2098071 
 97728 
 4029398 
 5061439 
 2068209 
 2072554 
 2158125 
 6137749 
 7088234 
 2042912 
 5066389 
 7120736 
 4026428 
 4156873 
 1044803 
 1025666 
 5155422 
 7992250 
 1104747 
 2173302 
 2105111 
 2129693 
 143537 
 7115566 
 1103812 
 7096814 
 7117271 
 6162001 
 18152 
 7019988 
 5015025 
 4150768 
 7036430 
 3028649 
 988984 
 7096759 
 1018516 
 2131893 
 92393 
 6036451 
 1116734 
 6037496 
 1052063 
 6165851 
 3002912 
 5159822 
 1014446 
 65171 
 5008315 
 2152845 
 6037056 
 7170835 
 5060559 
 3049821 
 5108238 
 4185140 
 3076053 
 7087684 
 3103550 
 6081435 
 6111737 
 73751 
 7135968 
 1078625 
 21562 
 6107667 
 7036980 
 1097487 
 1129604 
 4136416 
 3033434 
 3000657 
 1022861 
 1039468 
 6056303 
 4032808 
 4108699 
 1991768 
 6167556 
 7096924 
 7065357 
 7165060 
 3184611 
 4105784 
 3030629 
 146177 
 1103372 
 5082116 
 2126778 
 4009216 
 4035283 
 2024930 
 2097521 
 2124633 
 2019595 
 4059150 
 4161493 
 4113594 
 4132841 
 3130387 
 4026703 
 2095486 
 5033392 
 990524 
 3107785 
 113125 
 6158206 
 4052330 
 4180905 
 1119704 
 2077339 
 171914 
 120275 
 6161781 
 5052419 
 6160076 
 6086440 
 2069914 
 6138464 
 3126042 
 4060580 
 7094614 
 3031894 
 7122386 
 3056861 
 3076493 
 6088640 
 2126118 
 5087396 
 3131762 
 2099831 
 5028717 
 7146418 
 5082996 
 6069173 
 2125513 
 7092414 
 3081773 
 3148314 
 2078604 
 64181 
 6007249 
 1166393 
 3105695 
 1044583 
 7134923 
 4103639 
 1125259 
 64786 
 62641 
 143262 
 7086969 
 991184 
 4030223 
 3158379 
 4177495 
 4076032 
 4088352 
 2099006 
 6067248 
 1097817 
 5132600 
 2021850 
 5082336 
 2004528 
 5036637 
 3048446 
 3098380 
 6166456 
 3130662 
 69296 
 3159754 
 1104142 
 7174465 
 7123816 
 7118481 
 1043208 
 167074 
 1153526 
 3149304 
 1102327 
 5110988 
 5110713 
 7040830 
 7070362 
 3053671 
 2155210 
 7999400 
 5090861 
 5132270 
 144857 
 2178142 
 7016908 
 1999468 
 6062133 
 6090015 
 3059721 
 1175633 
 3125272 
 4159238 
 1104527 
 1000259 
 6093260 
 5167907 
 5014805 
 3048116 
 4138561 
 7995825 
 1022531 
 5166257 
 6057568 
 3034369 
 7162640 
 3103935 
 1069110 
 5131500 
 5140850 
 6169866 
 2147950 
 5129245 
 5157567 
 1174478 
 4086867 
 7146033 
 3053176 
 1043593 
 36409 
 3099315 
 1151161 
 1044143 
 2044397 
 4026373 
 4104574 
 150522 
 5053024 
 7011243 
 1095177 
 71606 
 2096861 
 3024304 
 1152481 
 4052825 
 93823 
 4126241 
 5133865 
 2022345 
 7147958 
 1993308 
 998609 
 3000547 
 5111373 
 45594 
 4082247 
 7068327 
 172024 
 2130078 
 3050921 
 6040136 
 2128593 
 19857 
 3161569 
 3186701 
 5036912 
 5156632 
 1022201 
 2025865 
 2054737 
 5115718 
 7095824 
 7020208 
 7995770 
 5006225 
 6162991 
 6107942 
 4074657 
 3056586 
 2177482 
 3183071 
 1067130 
 7145923 
 3150789 
 3045971 
 5083161 
 3123457 
 3032774 
 4135151 
 48729 
 2097686 
 2076349 
 2026635 
 7013828 
 7089389 
 7039180 
 2025700 
 7998740 
 7148178 
 1154901 
 46639 
 4058985 
 5084536 
 2051602 
 6158701 
 3029694 
 7998630 
 3009072 
 101358 
 6106622 
 171309 
 1051293 
 4163693 
 2154935 
 1074830 
 3110205 
 112575 
 6143799 
 7044295 
 6084460 
 6039751 
 7995935 
 6016764 
 3184116 
 1118384 
 48014 
 5139255 
 7143888 
 5058139 
 141942 
 6140664 
 1065810 
 123465 
 7088894 
 1018901 
 7019438 
 124675 
 5113243 
 5164167 
 6038321 
 6136429 
 6159361 
 2001943 
 6163211 
 4033798 
 7118866 
 2996917 
 4011361 
 1180528 
 142547 
 7062607 
 7014708 
 2148720 
 5103398 
 4109139 
 3101185 
 1014996 
 2000458 
 5080246 
 1177118 
 7089719 
 5091136 
 6094580 
 4031048 
 4053760 
 7097144 
 7121506 
 1078185 
 3046576 
 2102416 
 7117161 
 5131445 
 1098422 
 3173776 
 3134787 
 3080618 
 6064663 
 4157863 
 7042700 
 124840 
 2149655 
 1129054 
 7135308 
 5039662 
 3134952 
 4103364 
 4105949 
 7988400 
 3109765 
 6114267 
 2094331 
 49774 
 7009978 
 7119581 
 1120254 
 64676 
 118460 
 5038067 
 3051526 
 4037813 
 1076040 
 6108437 
 7148673 
 4028078 
 7166710 
 97618 
 2158070 
 1146376 
 7061232 
 3057136 
 5084261 
 6090180 
 5089046 
 5063199 
 2043187 
 6165686 
 174059 
 5134910 
 3004947 
 5005950 
 7095274 
 5159547 
 2020145 
 6013904 
 4025713 
 7168030 
 5091576 
 6012144 
 1090282 
 2099391 
 4001571 
 4129376 
 3026009 
 5140135 
 4008446 
 87608 
 4164353 
 7116226 
 4111504 
 1046233 
 5004740 
 7019768 
 3178561 
 3005717 
 7089994 
 3098985 
 4000031 
 7174355 
 4128771 
 5078321 
 1067240 
 4184975 
 7114191 
 1099192 
 4061570 
 7047430 
 2002603 
 5160977 
 1020881 
 7018998 
 143592 
 4025603 
 4057005 
 1998643 
 7012178 
 71276 
 6088695 
 3030464 
 68911 
 4008006 
 139357 
 3072588 
 5135130 
 1097432 
 4154233 
 4079387 
 993384 
 2029935 
 5007325 
 7014653 
 7137508 
 1045573 
 2149820 
 5063859 
 5117148 
 7018173 
 1022256 
 6086660 
 7143173 
 3126757 
 5156192 
 45264 
 999984 
 6012804 
 5163232 
 2146355 
 1115799 
 4126736 
 4106939 
 3097280 
 7172540 
 4155498 
 5104223 
 4061460 
 5040872 
 1102217 
 3006432 
 4033138 
 2031420 
 4009546 
 6014289 
 4154453 
 6066533 
 2082069 
 3134567 
 2131343 
 3174106 
 4054585 
 2146960 
 2125403 
 73696 
 5037682 
 5137825 
 7116941 
 5110878 
 995694 
 7040280 
 15347 
 4084777 
 76281 
 5115608 
 5116653 
 5085196 
 3159094 
 6142259 
 87828 
 2176602 
 20297 
 22002 
 21067 
 6008899 
 66051 
 4031213 
 6041951 
 7022188 
 3147379 
 4106884 
 7168910 
 3180211 
 1170353 
 4176890 
 5106973 
 7169515 
 4025383 
 5110383 
 5132875 
 5115883 
 4086372 
 1097212 
 3057851 
 2147565 
 5155532 
 4028683 
 3177571 
 6036121 
 3998491 
 2002383 
 7995660 
 5007050 
 5085306 
 6015499 
 2070959 
 7070142 
 993824 
 5138925 
 6083580 
 1142636 
 3058236 
 7017293 
 5035592 
 152117 
 4134436 
 23707 
 3003737 
 5027122 
 4187780 
 1148191 
 3105200 
 6141379 
 3008907 
 2176712 
 11277 
 67701 
 7090324 
 5059954 
 151292 
 2174677 
 3122962 
 4007841 
 88323 
 4188275 
 7018778 
 6015609 
 7089939 
 98938 
 6018139 
 92228 
 1098642 
 7165665 
 3077483 
 2126448 
 3129507 
 6082095 
 3127582 
 3000877 
 1179098 
 60 
 7096979 
 1049478 
 6018634 
 6113497 
 2177207 
 4000636 
 2132883 
 7985430 
 6108712 
 3023369 
 3027659 
 7113256 
 25247 
 1065370 
 2101646 
 1043978 
 5012770 
 143097 
 3024084 
 4182665 
 69461 
 5057149 
 6112947 
 6055258 
 3032059 
 6015224 
 6008679 
 7137123 
 5058579 
 3150349 
 6119437 
 7045065 
 1023521 
 1074885 
 2124853 
 6112617 
 5132325 
 4031653 
 5077661 
 7084109 
 4000856 
 5039112 
 2074149 
 3029309 
 2178252 
 66271 
 43669 
 6062408 
 6111572 
 5033447 
 4131686 
 7060627 
 4075592 
 1102052 
 1027316 
 5005070 
 5168347 
 3028539 
 3075393 
 2177097 
 2175832 
 7172210 
 7037585 
 5157842 
 2000403 
 2020255 
 5167522 
 7012123 
 1997048 
 4155333 
 5086791 
 5167962 
 6066368 
 6057018 
 6144789 
 5003805 
 49554 
 117525 
 7039290 
 7035165 
 3998601 
 2172367 
 6161231 
 7148618 
 6033536 
 49829 
 5013100 
 3053726 
 3178726 
 1042108 
 50599 
 3107455 
 1166448 
 4036878 
 1070925 
 5090641 
 1995618 
 3025019 
 5137770 
 2026305 
 7010088 
 5104663 
 6140389 
 6011869 
 1073785 
 2027570 
 7997805 
 6111902 
 113235 
 3078693 
 6040521 
 4030663 
 7148453 
 7114356 
 1027921 
 3001702 
 2042637 
 3026779 
 4151428 
 2173742 
 3122137 
 7147738 
 1028031 
 95308 
 1099852 
 5081731 
 1076315 
 5193589 
 5081346 
 6118722 
 4086482 
 6036341 
 1994958 
 3097885 
 3056806 
 6007799 
 3151559 
 6091775 
 4186460 
 6061693 
 1045298 
 47244 
 2151855 
 5159052 
 4027473 
 2021300 
 4099789 
 143042 
 3003627 
 1101447 
 7121011 
 7040995 
 70176 
 2150040 
 5137660 
 7120901 
 4177715 
 1172003 
 2005463 
 1077635 
 7042590 
 7173475 
 4083897 
 2181882 
 5015245 
 1124819 
 4107984 
 5058414 
 5136010 
 5057699 
 4131301 
 4061625 
 997839 
 7022078 
 5007930 
 5108128 
 7991535 
 4010426 
 7138168 
 3097335 
 4009766 
 4083237 
 2047477 
 1167878 
 4088297 
 3023259 
 4002946 
 4080817 
 3023039 
 4138836 
 1094077 
 2180012 
 50049 
 5057204 
 4087747 
 2096971 
 149257 
 70781 
 4011856 
 4081642 
 6115587 
 2068319 
 7144328 
 4037648 
 3100415 
 7118591 
 3154364 
 996574 
 5037132 
 5141785 
 5036747 
 3033489 
 1118989 
 4189210 
 2017835 
 3056751 
 6113222 
 98773 
 6163101 
 4036108 
 2048522 
 6144899 
 6114707 
 2079759 
 2080584 
 120055 
 7993515 
 7015918 
 1129824 
 138257 
 2157135 
 2169507 
 7166930 
 4188770 
 3056146 
 6014234 
 3129782 
 5159162 
 2096366 
 6083635 
 4060140 
 3126812 
 1166778 
 1170958 
 3084138 
 4085657 
 4185250 
 1119539 
 7173915 
 6006919 
 2021520 
 2079869 
 1066195 
 4032203 
 6009724 
 1001194 
 3104925 
 993604 
 6065873 
 3147489 
 7168305 
 991734 
 24862 
 7993735 
 4180465 
 2025205 
 7985650 
 1052833 
 6119712 
 7095439 
 7139323 
 1172663 
 2130298 
 71936 
 3076438 
 3032609 
 40204 
 7011903 
 4152583 
 3026614 
 5136670 
 4129156 
 5192929 
 3054716 
 1125094 
 1024401 
 3028264 
 22717 
 2025645 
 1098477 
 6011814 
 3008522 
 4134106 
 7020428 
 40809 
 5003035 
 5052199 
 4058600 
 112630 
 7115951 
 1125699 
 3030354 
 2046872 
 7991260 
 2097851 
 4032313 
 1101722 
 1014776 
 5036142 
 6006424 
 2176767 
 4029068 
 4157093 
 2145805 
 5060669 
 2031090 
 3002857 
 6018249 
 6055698 
 1179263 
 3153209 
 6112672 
 4049910 
 7012948 
 6134834 
 7164070 
 6115367 
 995254 
 1155066 
 7040225 
 1101282 
 5133040 
 1040018 
 3105255 
 5082886 
 140622 
 1999358 
 4177165 
 5131720 
 41194 
 4054640 
 3151944 
 45869 
 1095617 
 3109655 
 3104485 
 39434 
 1071640 
 1022641 
 87498 
 2073599 
 5059679 
 7142898 
 3161789 
 3005332 
 45099 
 7144218 
 4152033 
 3998876 
 6005874 
 5078926 
 2175282 
 7995440 
 3999591 
 6061583 
 1026656 
 5004960 
 93933 
 3008687 
 3004067 
 3073908 
 1065260 
 6110472 
 4130091 
 6037936 
 2119683 
 4086042 
 4183215 
 1067405 
 175434 
 22222 
 125060 
 7065137 
 1002239 
 4053265 
 3187196 
 7122661 
 4075867 
 1119759 
 2001723 
 3055981 
 7138443 
 6093315 
 1074940 
 4152968 
 3046466 
 5002210 
 6063783 
 3058566 
 6082755 
 7060847 
 1126689 
 6007909 
 2173082 
 1169143 
 5015355 
 4135371 
 4185580 
 2125843 
 2018275 
 2055342 
 7097749 
 2018110 
 2146575 
 5156357 
 3162009 
 7138773 
 3179001 
 3176306 
 3081223 
 3159974 
 3132202 
 7088949 
 4052550 
 996794 
 6069503 
 2174347 
 2030705 
 5007270 
 6118282 
 4162043 
 4076857 
 5033777 
 6136649 
 116865 
 148982 
 5066499 
 7020538 
 89093 
 2150425 
 7999345 
 7033460 
 44164 
 3077648 
 3104320 
 2102086 
 1115964 
 3149139 
 3103660 
 5162297 
 4079827 
 5132050 
 5154047 
 2005188 
 4111009 
 2099446 
 4003551 
 4088077 
 4129871 
 1143021 
 4033468 
 5116928 
 4056510 
 117580 
 2125458 
 7109406 
 2103076 
 5003255 
 5033667 
 4027528 
 4108974 
 62971 
 168944 
 1180693 
 2132663 
 3057466 
 5002650 
 5083931 
 6004719 
 7994450 
 25192 
 4033908 
 175764 
 3084248 
 5014750 
 1147531 
 7008933 
 6005929 
 5052694 
 7142678 
 3182081 
 5090971 
 4155883 
 124455 
 75841 
 2044507 
 3003902 
 2043297 
 14137 
 147057 
 95968 
 6004554 
 2073874 
 1024731 
 1143571 
 6136099 
 5160922 
 3131157 
 7092469 
 101248 
 6040356 
 23212 
 6110912 
 5013980 
 96353 
 6055863 
 7012728 
 3158654 
 66161 
 50159 
 7171330 
 3104375 
 4030938 
 2147070 
 1015711 
 1000094 
 5065069 
 167789 
 1092427 
 4113099 
 2182707 
 2043902 
 7169075 
 4052110 
 4153903 
 6166731 
 989149 
 3149194 
 3103000 
 3000767 
 4007401 
 6118007 
 124950 
 5089376 
 3031069 
 7115841 
 1064985 
 1072795 
 6088145 
 2075854 
 2071949 
 5166972 
 1117174 
 42734 
 5134140 
 2051877 
 1046783 
 4188660 
 3148479 
 6042666 
 1149621 
 3159424 
 2050172 
 3072093 
 4074492 
 3126702 
 993109 
 1040128 
 3000052 
 3108115 
 3123897 
 4107269 
 1178603 
 6004444 
 1041228 
 4158853 
 1180253 
 7999785 
 5107358 
 2080804 
 1075875 
 7136793 
 3151174 
 176259 
 7122221 
 3160579 
 5030477 
 2105441 
 7998190 
 5113463 
 7091149 
 4190420 
 3128737 
 5013430 
 171584 
 6083690 
 7165830 
 2048247 
 1145001 
 2001503 
 5007875 
 6085615 
 7012893 
 1177833 
 7120351 
 6133459 
 5003915 
 4104904 
 5055554 
 7149168 
 6069393 
 7066072 
 1025776 
 2004583 
 6135219 
 4082412 
 7085924 
 6056963 
 6134614 
 6144129 
 7113091 
 5034327 
 62861 
 3083808 
 2051272 
 150027 
 7065577 
 15732 
 2153065 
 4163418 
 4100724 
 6038046 
 5113848 
 6113882 
 7008548 
 2103901 
 2081134 
 2148115 
 4081422 
 7996595 
 5106258 
 2106431 
 7060242 
 169989 
 3110370 
 121485 
 3054771 
 7069482 
 40589 
 41469 
 1993528 
 6166236 
 5086296 
 6015004 
 4125141 
 6004774 
 2022675 
 7043305 
 7039840 
 5080411 
 6036616 
 4164848 
 2123368 
 5034217 
 6160736 
 3102945 
 5136450 
 1052888 
 6087650 
 6060483 
 2997027 
 3110150 
 5129080 
 6091115 
 5140795 
 7112321 
 3161459 
 5039057 
 7085484 
 4150823 
 5137935 
 7037420 
 5085636 
 2027955 
 4010921 
 4053815 
 2995047 
 3003407 
 1998808 
 6017369 
 3182411 
 6116907 
 4031103 
 142272 
 6017259 
 5030092 
 2149600 
 6144624 
 5011835 
 7066622 
 6165466 
 1997873 
 2172037 
 2172092 
 2101206 
 6113772 
 1180308 
 2022785 
 50269 
 2072774 
 1072905 
 6037221 
 4030003 
 5065179 
 5083216 
 7134978 
 3003517 
 5140575 
 5156907 
 2024380 
 6133349 
 3129397 
 7064752 
 6119547 
 1100127 
 2121168 
 4154013 
 7145043 
 4189320 
 1171288 
 1046398 
 3078583 
 4037483 
 1000479 
 2171707 
 4049305 
 3178671 
 4030993 
 1167603 
 1098147 
 4188000 
 87223 
 4159183 
 122860 
 5088716 
 115380 
 6112232 
 2132608 
 6035736 
 6136594 
 1095892 
 1148246 
 2053197 
 5028497 
 7085044 
 1045353 
 3108280 
 70396 
 2147125 
 4105454 
 7171660 
 3081663 
 3047181 
 4010371 
 7059637 
 3179166 
 2045167 
 2050832 
 163279 
 2005408 
 5133425 
 5001715 
 7021528 
 2175062 
 138312 
 117085 
 5039717 
 114500 
 3073853 
 3026669 
 1123004 
 2151195 
 5057974 
 1104637 
 6158151 
 3102890 
 6067083 
 3050866 
 6095295 
 3177901 
 1073565 
 6043766 
 6134504 
 4138891 
 990909 
 1020716 
 7987080 
 1150831 
 11332 
 7141578 
 1040788 
 175049 
 7997200 
 7118426 
 5064794 
 2045552 
 3160414 
 5164387 
 7086309 
 6042116 
 1123664 
 7160825 
 2054352 
 93603 
 7068932 
 6133844 
 6143029 
 2157080 
 2130243 
 4002121 
 3046191 
 5055994 
 5103783 
 5064464 
 7093184 
 5039222 
 7160165 
 6168326 
 1116239 
 3056421 
 65941 
 2017450 
 7111111 
 4128496 
 1021596 
 150412 
 7008768 
 11002 
 1124709 
 5139585 
 7045120 
 6090620 
 4175955 
 1121574 
 2171487 
 7035495 
 4178430 
 6004389 
 4055300 
 6167006 
 2122158 
 5081566 
 94483 
 1091767 
 7115401 
 3082488 
 1149016 
 3105530 
 149312 
 117745 
 1040183 
 2017065 
 4157423 
 2076844 
 7169625 
 6032161 
 1154791 
 7170450 
 6042226 
 6010219 
 4050570 
 5027727 
 2093616 
 150852 
 7095164 
 6084295 
 3003957 
 1093747 
 6132799 
 7062827 
 3183786 
 1016041 
 113180 
 4025053 
 6169481 
 2152790 
 4112109 
 6082865 
 7989720 
 6158866 
 5156467 
 90743 
 3076273 
 4034788 
 6120427 
 6031941 
 3106740 
 7064642 
 4010096 
 2128923 
 7173255 
 5160757 
 1145881 
 3008467 
 6069833 
 1154571 
 4106609 
 6161341 
 7059802 
 4010206 
 1015821 
 46804 
 4062890 
 4033743 
 41799 
 1174863 
 7088124 
 2997412 
 7112101 
 5153662 
 7111771 
 6142644 
 143922 
 2094606 
 6139619 
 2017560 
 94978 
 6063563 
 1047003 
 3183511 
 3030079 
 2103186 
 38334 
 7097474 
 6112782 
 6089850 
 89698 
 1017856 
 1019671 
 6132084 
 7060957 
 6085560 
 4126131 
 3110810 
 4101659 
 96628 
 2024710 
 2158455 
 2050062 
 4159898 
 1101942 
 6106292 
 4004926 
 1994243 
 3008137 
 2130848 
 1001854 
 5167852 
 1070705 
 118075 
 6134669 
 2127163 
 1123609 
 3134072 
 4185470 
 5114673 
 6010109 
 1096772 
 64346 
 3157554 
 6061913 
 7114136 
 3105310 
 89588 
 5029762 
 1092647 
 1124159 
 2051822 
 5062869 
 1151711 
 7996650 
 41249 
 3053561 
 5156027 
 3133137 
 6056578 
 2177537 
 6159801 
 1171123 
 3183181 
 4181565 
 5006665 
 7988950 
 16007 
 2070024 
 3006872 
 6131479 
 5028442 
 6080995 
 4162098 
 6030786 
 7087794 
 5157017 
 7996925 
 1072740 
 6118997 
 3153869 
 3096675 
 87388 
 2053417 
 5052804 
 177799 
 4184370 
 3096510 
 5052254 
 4026153 
 2101921 
 6158976 
 49499 
 1144561 
 5059239 
 93438 
 3149854 
 5002870 
 74191 
 6171516 
 1117944 
 2122268 
 7163685 
 7117106 
 7069757 
 2068759 
 5088221 
 2055947 
 2996752 
 7993185 
 2182762 
 6140884 
 1997323 
 6081050 
 4086152 
 6141984 
 4061955 
 7041985 
 3108830 
 4184755 
 6157546 
 6056248 
 44659 
 1022421 
 2081189 
 19472 
 5155092 
 1023851 
 3105750 
 101413 
 2079374 
 4002506 
 3083203 
 1118714 
 3054111 
 2176217 
 4109634 
 147552 
 49444 
 6146054 
 71441 
 5064134 
 4025658 
 1071805 
 5106148 
 2126998 
 6143964 
 6018579 
 3128132 
 3182356 
 1176238 
 4052495 
 5027562 
 2023720 
 2080089 
 6058393 
 7165115 
 6141764 
 4157533 
 3109380 
 4103144 
 3174986 
 4075647 
 991239 
 7088619 
 1152976 
 998114 
 2069529 
 126765 
 3155189 
 4057720 
 4001296 
 3135557 
 16612 
 1073510 
 4055410 
 6165246 
 3129287 
 7148948 
 7163245 
 7160715 
 5134360 
 2077834 
 2051987 
 5138980 
 4183270 
 2154550 
 2018330 
 65006 
 4156928 
 2122983 
 5058249 
 4151593 
 6136924 
 7092029 
 7089609 
 7985540 
 7066677 
 7058922 
 1001579 
 2175117 
 7015368 
 5080631 
 6064883 
 2105771 
 3126262 
 7991040 
 5027397 
 2176657 
 2155155 
 2099611 
 997729 
 3126372 
 7122496 
 4132951 
 4049470 
 3004507 
 999874 
 2005243 
 4105619 
 22772 
 2024050 
 7072452 
 6137254 
 7164180 
 7988895 
 3080288 
 2151910 
 5032897 
 5128530 
 3111195 
 2106706 
 6164641 
 2151965 
 3186536 
 1073235 
 6110857 
 4110624 
 7148068 
 6112452 
 2097906 
 1176568 
 6043326 
 4136856 
 5060614 
 2146905 
 1128504 
 12652 
 2077669 
 3054826 
 5008260 
 5117258 
 4155828 
 4085107 
 2996147 
 6041841 
 3030519 
 6094690 
 2019540 
 69131 
 1071200 
 3048941 
 2180507 
 95088 
 1117064 
 4076142 
 4126681 
 3072808 
 1096552 
 7112156 
 1020606 
 988764 
 7062882 
 4131741 
 7061892 
 2176272 
 999544 
 7141248 
 6042391 
 6081105 
 1096497 
 3123292 
 1053933 
 4051945 
 3148149 
 2158290 
 18372 
 1145331 
 41854 
 3181861 
 166194 
 1119154 
 6030511 
 4003441 
 7990050 
 1044858 
 1049038 
 3023589 
 2100876 
 75786 
 172794 
 5128750 
 3045916 
 1123554 
 2019870 
 2027625 
 3101130 
 6090785 
 1039358 
 6108327 
 3056091 
 2074864 
 6165906 
 4189375 
 89863 
 46914 
 7990160 
 4155168 
 3160249 
 5086021 
 1065975 
 2172422 
 3083148 
 4060635 
 1174148 
 2056332 
 6057788 
 3131542 
 5078431 
 6161616 
 2999942 
 6093150 
 2028670 
 7072562 
 1171838 
 5084701 
 5130840 
 2123423 
 7008383 
 1992648 
 7090379 
 2152515 
 5130015 
 1078680 
 3103110 
 3174546 
 3176251 
 2079979 
 119890 
 5116873 
 95473 
 5035482 
 1168703 
 6157931 
 2150370 
 4062615 
 7992085 
 5081511 
 1180968 
 7015863 
 4029893 
 1170078 
 3108060 
 4138176 
 4026208 
 6037771 
 1123114 
 2102251 
 127095 
 6117402 
 4058875 
 1176183 
 7086419 
 2152900 
 6133514 
 5031357 
 5155862 
 7014598 
 6111407 
 5163892 
 7040885 
 7085594 
 1092977 
 76116 
 4074547 
 5165102 
 146397 
 3179331 
 3034589 
 2093891 
 5160317 
 996189 
 1078955 
 5107688 
 4025218 
 18977 
 7173145 
 118680 
 6165521 
 2030925 
 3129012 
 1002404 
 2023060 
 6037881 
 87553 
 1170738 
 1014281 
 6116797 
 6063948 
 2070464 
 1146046 
 63136 
 6091555 
 6041511 
 23157 
 4153958 
 5008865 
 4106169 
 6064718 
 1045958 
 7013553 
 126435 
 3058621 
 2076624 
 2147180 
 1002569 
 1052008 
 2073984 
 7139873 
 22552 
 1095507 
 148047 
 3085403 
 4026098 
 2171322 
 2049677 
 5167082 
 7090159 
 7162750 
 6042281 
 991129 
 1993913 
 2099116 
 4176780 
 147882 
 1047223 
 2072224 
 7059692 
 5141400 
 6082975 
 7995055 
 3180596 
 3001372 
 1054043 
 2148940 
 997289 
 4151703 
 4082467 
 3048831 
 4153518 
 2998402 
 2101316 
 46749 
 6041401 
 6084020 
 4153463 
 6117897 
 3025789 
 3033379 
 4026978 
 7034010 
 170869 
 4188990 
 46364 
 6055533 
 2127548 
 4105124 
 995749 
 2030595 
 174554 
 143427 
 2178857 
 2079484 
 7046660 
 6009779 
 7091809 
 7010913 
 3173391 
 3126922 
 4063550 
 995914 
 1148796 
 1077415 
 141337 
 6118337 
 1092592 
 2124468 
 2172587 
 2130793 
 118295 
 4159843 
 5063474 
 6137529 
 3129067 
 3135832 
 7063872 
 72761 
 3085293 
 5026737 
 6016984 
 5059349 
 7173420 
 1041888 
 49994 
 7140478 
 6168931 
 2106046 
 1998093 
 20517 
 176809 
 2125238 
 151512 
 2175777 
 36134 
 6090950 
 2106596 
 989479 
 17217 
 2107531 
 5131170 
 2151030 
 68141 
 2003813 
 7988125 
 2126338 
 1147036 
 1021211 
 4051780 
 89368 
 4087142 
 1104692 
 6060318 
 2172477 
 4085217 
 70066 
 6091225 
 4112824 
 3185766 
 989699 
 2153670 
 5165322 
 5056764 
 43504 
 7136023 
 6136264 
 5028277 
 4109524 
 4176670 
 7084604 
 5081401 
 4003661 
 150357 
 2096696 
 7161705 
 2129418 
 4008281 
 3152109 
 7147518 
 7058867 
 170594 
 7174300 
 3122247 
 7997035 
 7171440 
 5035042 
 7072507 
 1015601 
 2099281 
 7059967 
 4055080 
 1175578 
 1092922 
 6161946 
 4010976 
 6169151 
 2071234 
 24917 
 6034691 
 7043250 
 1127294 
 1172828 
 5079531 
 4051175 
 3156179 
 4162703 
 3023919 
 3173611 
 120880 
 1180418 
 5059569 
 2028010 
 5039937 
 37839 
 4085382 
 3057356 
 3103605 
 1144176 
 3104210 
 1142141 
 5157347 
 6166621 
 4101494 
 3003022 
 3132807 
 1052998 
 7036760 
 3008192 
 6080775 
 138532 
 24037 
 4177935 
 3005607 
 3079353 
 3108995 
 112795 
 5164057 
 992064 
 2095541 
 3053011 
 7022133 
 5166807 
 5140245 
 122035 
 87663 
 147937 
 7170395 
 5164607 
 67976 
 6062848 
 1152426 
 7039125 
 3184721 
 990634 
 2125898 
 6036671 
 2153285 
 2027185 
 40094 
 3049216 
 4109084 
 6019074 
 3056916 
 147827 
 6142314 
 7140643 
 4127121 
 4031873 
 1076205 
 123410 
 17162 
 173839 
 7162420 
 7009538 
 1168868 
 7061507 
 1073455 
 7018448 
 2101976 
 7160495 
 2175887 
 2151250 
 144362 
 94703 
 4084392 
 3007092 
 7014983 
 5012880 
 12432 
 87773 
 6135494 
 96738 
 6039971 
 7085154 
 4132071 
 70286 
 7092909 
 6106897 
 4079167 
 3079133 
 3158874 
 1102602 
 2144100 
 7088674 
 91733 
 5057259 
 62036 
 2075799 
 37014 
 2046927 
 2124028 
 5109503 
 40259 
 1151766 
 1994738 
 6142149 
 2132553 
 5137550 
 7095769 
 5003475 
 4135701 
 1048213 
 1992813 
 2154825 
 4049030 
 6040961 
 1040348 
 6118667 
 7069867 
 64236 
 2996367 
 3024359 
 5131995 
 6159691 
 3075833 
 145407 
 4157698 
 1122014 
 4027363 
 1053273 
 7013333 
 4112934 
 4176945 
 171254 
 7018008 
 6159471 
 7019548 
 2120343 
 2173192 
 5004850 
 6115092 
 2998457 
 7047375 
 3158269 
 3021499 
 1024126 
 6009669 
 5010735 
 7172320 
 2101096 
 4110569 
 7118261 
 2154660 
 7986420 
 3005167 
 2100326 
 7046880 
 4106499 
 6090510 
 2000568 
 5165982 
 5193369 
 3001482 
 3034644 
 3085018 
 7032965 
 4134381 
 100258 
 3161129 
 6107502 
 5115058 
 4131246 
 125335 
 4114089 
 1177723 
 3153044 
 4136801 
 2171652 
 6139784 
 3148864 
 7173200 
 6133954 
 7139103 
 7092634 
 7062992 
 1168043 
 2122708 
 3132917 
 2994992 
 4135976 
 2119518 
 5129025 
 7085649 
 4000251 
 5114563 
 6165301 
 7993790 
 7116776 
 6056688 
 5011285 
 7997530 
 3157939 
 4154288 
 990084 
 2001778 
 3125492 
 7169350 
 4110514 
 2003703 
 5132710 
 1020551 
 7093954 
 4161328 
 7148838 
 4187065 
 7071242 
 6094855 
 7113696 
 6140004 
 5086186 
 3126647 
 4050625 
 3022984 
 42129 
 4032863 
 1013896 
 3122577 
 5114233 
 1125589 
 4010756 
 4035008 
 5112363 
 6033481 
 3097995 
 3031454 
 3101790 
 146067 
 1091602 
 6111022 
 1154131 
 6145009 
 47519 
 1042768 
 47794 
 87168 
 1153801 
 4111669 
 4011251 
 3155244 
 4181290 
 166524 
 25027 
 4038088 
 176094 
 6090070 
 5059129 
 4008886 
 2130573 
 7163465 
 114335 
 1999688 
 1075435 
 4031433 
 1142526 
 2129033 
 6169371 
 6087375 
 2118693 
 5131005 
 42514 
 1142416 
 4153188 
 5008975 
 6008184 
 3078253 
 2145530 
 6116027 
 4107599 
 1096882 
 3125877 
 4083402 
 4082027 
 4158358 
 3183621 
 6041731 
 1019781 
 997894 
 4024283 
 172684 
 4136636 
 168559 
 3161954 
 6107777 
 139137 
 3080728 
 6008734 
 1002679 
 7122991 
 7018723 
 5154102 
 997179 
 2078989 
 4062725 
 114940 
 3034149 
 7161925 
 7998850 
 2046762 
 2020585 
 7071847 
 4153628 
 2078439 
 2182542 
 3058731 
 1090557 
 75071 
 7017458 
 3029639 
 7046110 
 49609 
 4054310 
 25467 
 2078824 
 3122082 
 6044096 
 4049085 
 3180651 
 1119814 
 7123871 
 1991713 
 5066664 
 5155202 
 5116818 
 4034513 
 7170285 
 1025006 
 4131356 
 4103969 
 2127383 
 42789 
 5139915 
 7015588 
 5032347 
 2178582 
 6031886 
 2995762 
 7095549 
 3058786 
 3072533 
 1044033 
 5103343 
 6112067 
 7009593 
 5030312 
 7161375 
 1996608 
 123575 
 4028903 
 3099975 
 2028615 
 2103296 
 7144383 
 3000712 
 1042933 
 6170031 
 7165995 
 4162208 
 2056497 
 2178637 
 7015753 
 7033185 
 2002493 
 4005366 
 1178933 
 3123182 
 1998588 
 6141489 
 7010583 
 4051340 
 115490 
 5108953 
 5129685 
 3059666 
 2095046 
 117250 
 1144286 
 7084989 
 3028814 
 98608 
 6088805 
 6036946 
 4062340 
 7018888 
 164764 
 2150260 
 3033764 
 1039908 
 4008996 
 5034162 
 3007532 
 65336 
 4109854 
 163224 
 1172388 
 5055939 
 1091547 
 6135329 
 3157004 
 2003868 
 1145936 
 5106698 
 5141180 
 6014839 
 3185876 
 24532 
 7018613 
 7071022 
 152172 
 3181311 
 74906 
 5164552 
 6132414 
 2103956 
 2152955 
 1066635 
 2004253 
 4055630 
 7008273 
 6042886 
 3082928 
 6067633 
 3097610 
 5012275 
 5164882 
 13972 
 4113704 
 5060064 
 46254 
 5110328 
 3175536 
 4125581 
 6041896 
 4079607 
 5157512 
 1092812 
 146122 
 2030320 
 2177867 
 5110108 
 3024799 
 4151923 
 2048632 
 2106266 
 2173797 
 1048103 
 998499 
 2003263 
 1075050 
 7138058 
 49719 
 166579 
 7096869 
 3022159 
 5060889 
 2080749 
 1144451 
 1154241 
 7991975 
 1176073 
 7035440 
 7010418 
 4002176 
 6089630 
 4183435 
 4062450 
 6016434 
 6135879 
 6066258 
 3100250 
 71001 
 5111978 
 3099645 
 7141798 
 5110438 
 90248 
 37344 
 7021968 
 7141083 
 7114851 
 4153298 
 1095232 
 1099357 
 6162826 
 3185216 
 4180245 
 1026106 
 997564 
 2017725 
 1128559 
 5058304 
 4113319 
 7083889 
 3033324 
 87993 
 6159911 
 3132147 
 5141510 
 7033295 
 41029 
 7144768 
 1146541 
 5032457 
 5107908 
 2157465 
 3106355 
 44934 
 2048082 
 2056057 
 6038926 
 5109228 
 4086812 
 2017780 
 2157685 
 163884 
 4187395 
 3103715 
 1173268 
 1026161 
 4076967 
 1045738 
 1102767 
 6067908 
 4036383 
 7039400 
 1021871 
 4104519 
 2023170 
 25082 
 4165068 
 1142251 
 7986365 
 7094394 
 4083952 
 126875 
 7093734 
 1119209 
 7035605 
 1151436 
 2130628 
 4051835 
 2127988 
 3029529 
 1103867 
 6160296 
 1079120 
 2097246 
 7013993 
 144637 
 3096565 
 2183917 
 3123237 
 1016646 
 5060284 
 6111792 
 7069042 
 3150184 
 6068238 
 3125107 
 2076019 
 5106808 
 1101062 
 2053032 
 1093032 
 6065213 
 4111889 
 7118811 
 5108513 
 1998148 
 3999976 
 5109778 
 7017403 
 6087980 
 4061185 
 7121451 
 3048226 
 7167700 
 6082920 
 1996278 
 5062594 
 5109448 
 5061384 
 3149964 
 5139640 
 7146693 
 5161252 
 6030126 
 7033790 
 5117038 
 1021981 
 3045861 
 5063529 
 5156797 
 7114301 
 2078659 
 5140190 
 173234 
 1093087 
 3025679 
 1146706 
 1143461 
 2051437 
 5114288 
 6092435 
 1018626 
 1071585 
 5091686 
 6058448 
 7170065 
 4108754 
 5082061 
 6133569 
 5140410 
 6117017 
 90908 
 2003153 
 99158 
 7110341 
 5106588 
 7066457 
 989534 
 3132422 
 7135198 
 3074018 
 163554 
 4025878 
 4179970 
 4002781 
 3002472 
 2069584 
 999599 
 74741 
 7146143 
 1116074 
 7060407 
 4049195 
 5028112 
 5166917 
 4060195 
 2104451 
 5087231 
 5085361 
 6007194 
 6006479 
 7987630 
 6068623 
 7115786 
 14907 
 4103804 
 2126668 
 7019053 
 5055609 
 5087671 
 3007752 
 1122454 
 6162111 
 2094276 
 1066470 
 143812 
 6016324 
 3054386 
 5060999 
 6144679 
 1150556 
 6167061 
 3104815 
 2129253 
 152337 
 4139496 
 6062738 
 1999633 
 3025899 
 141722 
 3126207 
 62751 
 5114123 
 1171233 
 4025273 
 1078460 
 1155451 
 1068175 
 7012398 
 5009470 
 2052262 
 5014475 
 1129274 
 7145373 
 2119903 
 7991700 
 4052660 
 5163617 
 1998313 
 6032381 
 4129596 
 169604 
 3055486 
 6013959 
 20022 
 5107963 
 113290 
 3009567 
 6166291 
 3173831 
 3102670 
 1027096 
 3059831 
 1026931 
 139522 
 5079916 
 3058456 
 5085911 
 6139454 
 7066897 
 4178705 
 172519 
 7116061 
 2127878 
 95638 
 1000864 
 6014399 
 3133632 
 1100182 
 2046542 
 7036045 
 3173446 
 2154880 
 4138341 
 2174402 
 3131597 
 4009986 
 3080508 
 2053362 
 7095714 
 5114398 
 1070265 
 7089829 
 166744 
 2147895 
 7092304 
 4133721 
 4012681 
 13147 
 5113683 
 1175358 
 6038706 
 7047210 
 7114686 
 4079222 
 1040458 
 6043161 
 7998245 
 4189265 
 6039091 
 2050007 
 6168656 
 4136196 
 63301 
 1170023 
 4031158 
 7038355 
 4164188 
 23597 
 2078164 
 5137055 
 7046550 
 1050028 
 5167687 
 1044913 
 2996257 
 3007862 
 2044727 
 7989940 
 2122763 
 3124942 
 3101845 
 2120783 
 5083106 
 1076260 
 5034382 
 14742 
 39379 
 6114652 
 2026800 
 2155265 
 6111627 
 2145255 
 171089 
 4002451 
 3053836 
 3174381 
 2049017 
 4083017 
 6034471 
 7019273 
 3055376 
 3126977 
 6013629 
 1141096 
 4100559 
 4182720 
 1143956 
 994869 
 2073159 
 2157795 
 3030024 
 7135858 
 116920 
 6111957 
 999819 
 3173886 
 3097445 
 6106347 
 2097466 
 4057390 
 7122111 
 4110129 
 3176911 
 7064917 
 4102704 
 7093514 
 2123533 
 1051348 
 5130070 
 7067612 
 7070692 
 7065687 
 1039798 
 2079429 
 7013883 
 47464 
 6164531 
 42184 
 2996037 
 124125 
 7065082 
 96518 
 3187251 
 1178823 
 2104011 
 4177440 
 4103859 
 2173687 
 7046935 
 73806 
 7022243 
 2082014 
 5012825 
 5134690 
 4155388 
 1024291 
 7117711 
 7061672 
 2031365 
 6133019 
 3152274 
 1077195 
 145737 
 1125809 
 138697 
 5038562 
 3057411 
 3031289 
 7098024 
 1129659 
 4164133 
 74466 
 5055664 
 125995 
 7088289 
 141392 
 65061 
 6132139 
 5103618 
 7063542 
 6091500 
 152392 
 4052165 
 5066444 
 149972 
 1099027 
 6164696 
 3073358 
 3051251 
 1077745 
 2144430 
 3151064 
 4054970 
 5158062 
 2998512 
 4104409 
 3021939 
 2094551 
 2144925 
 3058896 
 4076087 
 116425 
 5009250 
 6091665 
 7166050 
 6082645 
 125445 
 4058050 
 2103461 
 5033722 
 3046411 
 1028141 
 2104231 
 1167438 
 1019176 
 1124929 
 7059747 
 4081367 
 1051403 
 7068987 
 4087362 
 6108932 
 1022036 
 1155341 
 6016709 
 6163651 
 3186041 
 6055643 
 20957 
 4061900 
 3071708 
 2067989 
 49389 
 7072012 
 5130180 
 6042721 
 6156996 
 1016206 
 3056036 
 988599 
 4031543 
 5015740 
 3002527 
 150687 
 2045882 
 6038871 
 4151153 
 4156983 
 1048378 
 5030862 
 3003847 
 7045945 
 6065048 
 4158083 
 4037923 
 3073193 
 4125306 
 7016028 
 6009119 
 5156962 
 1013951 
 11937 
 5003365 
 141447 
 119340 
 5013925 
 1999413 
 1019121 
 5080961 
 4178320 
 5062154 
 7042370 
 4104189 
 5162957 
 177194 
 3054606 
 6044041 
 163499 
 21342 
 6120262 
 2994882 
 119835 
 5128420 
 4058380 
 3174161 
 6010989 
 2997632 
 5083821 
 7988070 
 6169921 
 1017086 
 5157897 
 1070815 
 3080233 
 7995495 
 165479 
 7120076 
 1153141 
 175709 
 3057576 
 1027206 
 996409 
 5115498 
 2179077 
 47904 
 4130146 
 4135756 
 5140300 
 1147861 
 73146 
 2101866 
 7143943 
 3182466 
 3049381 
 2147290 
 1153196 
 6036286 
 7040115 
 5029432 
 7036265 
 6042611 
 3059886 
 7098244 
 7995110 
 4100834 
 3105915 
 2073819 
 3075283 
 4000416 
 7997255 
 4059480 
 3031344 
 4182775 
 3007312 
 989809 
 7016523 
 163609 
 4084557 
 7116281 
 4127836 
 3008577 
 4062285 
 4101109 
 5084151 
 5142005 
 7148013 
 70616 
 91348 
 2052207 
 2095156 
 3134127 
 1997983 
 3002362 
 3136052 
 3050591 
 7136573 
 2048687 
 6039586 
 2119243 
 18097 
 6167391 
 6167611 
 6087540 
 1145496 
 2132773 
 3026119 
 3178396 
 4079497 
 3074898 
 5131830 
 5065729 
 4139386 
 16997 
 1116899 
 2997467 
 3057246 
 5089156 
 2101426 
 6081820 
 75346 
 6062023 
 7987025 
 5039772 
 4164463 
 6087815 
 4176835 
 3175701 
 3059776 
 7113421 
 2097411 
 1073400 
 4082962 
 3127802 
 5008810 
 3184171 
 3109820 
 4114364 
 6085395 
 165094 
 3030409 
 3147709 
 1027976 
 3006817 
 1068835 
 7992800 
 7091534 
 4156543 
 1116679 
 2102141 
 2071839 
 5005785 
 14357 
 2149490 
 5086626 
 2077614 
 7147353 
 3150239 
 2068429 
 5104718 
 3133302 
 2132168 
 143152 
 2077229 
 1127459 
 2129308 
 3102395 
 2127328 
 5061659 
 17822 
 2055452 
 2128758 
 7047650 
 2051932 
 97343 
 5007655 
 7111826 
 4101824 
 6005214 
 3009017 
 5037297 
 6063673 
 3023094 
 2055012 
 3182026 
 6089740 
 6059108 
 4000911 
 3023699 
 1143296 
 177854 
 2069199 
 3127032 
 3025844 
 4024943 
 5103948 
 1130264 
 1123499 
 5008755 
 1146926 
 7061287 
 5010955 
 2108026 
 2128373 
 5004080 
 15072 
 3149359 
 4150493 
 5029872 
 6139509 
 6031776 
 1094297 
 1127569 
 7045395 
 13862 
 7033240 
 3155519 
 1018681 
 1151051 
 3020454 
 6086495 
 6033921 
 2055287 
 3079848 
 3186921 
 6014124 
 140787 
 4189430 
 2174787 
 5002925 
 2106761 
 3160689 
 2183092 
 7119416 
 7014433 
 5062539 
 7992525 
 2021575 
 151347 
 1025061 
 1001524 
 3999096 
 3129892 
 145462 
 2103021 
 7063212 
 6008019 
 46969 
 3047456 
 3025239 
 1023631 
 139467 
 1125314 
 3082213 
 5009580 
 3179661 
 1014831 
 3130112 
 6133294 
 6158261 
 6010494 
 1145056 
 4030443 
 1142746 
 2158730 
 5140685 
 2028450 
 97453 
 5111208 
 4035943 
 3072478 
 7144878 
 4011526 
 2107146 
 3153319 
 3108775 
 3034204 
 7043195 
 3129122 
 2156420 
 100533 
 6093700 
 6068403 
 3998051 
 5131115 
 1001689 
 2999667 
 166029 
 5193149 
 1127844 
 142052 
 3150129 
 3127692 
 6141544 
 5032402 
 6012584 
 4102649 
 7061452 
 3106795 
 7144603 
 5087121 
 3155079 
 3021169 
 996024 
 1024456 
 5086956 
 6012694 
 64511 
 6032326 
 4157148 
 4059095 
 2097796 
 65996 
 7093404 
 3071818 
 2130958 
 140567 
 2155430 
 4128991 
 5115443 
 6043106 
 3074403 
 998994 
 5112418 
 4184150 
 6062188 
 5130235 
 1077910 
 2995267 
 4189650 
 6031391 
 4031763 
 2996422 
 2077724 
 3047126 
 3159589 
 7115731 
 2020640 
 3130992 
 1043813 
 1127954 
 4012296 
 7147133 
 114775 
 1003119 
 988929 
 6110967 
 7144933 
 126655 
 2044947 
 1123994 
 6043271 
 6068128 
 3033709 
 1025611 
 4059645 
 174279 
 7059252 
 36299 
 4001516 
 5160042 
 994484 
 1993748 
 4162373 
 2078219 
 1149566 
 75236 
 5038012 
 2131948 
 1021926 
 3084743 
 5134305 
 6089685 
 4176230 
 7068602 
 1002899 
 4111229 
 2124578 
 1101612 
 3155574 
 3153099 
 2152020 
 5083491 
 25412 
 3073633 
 2028945 
 7095934 
 5111813 
 4030773 
 5007710 
 5054179 
 3122852 
 5088276 
 1071035 
 98883 
 48399 
 5052859 
 67041 
 1997653 
 3060161 
 72816 
 7095494 
 6085670 
 5035372 
 5006775 
 4082302 
 7038245 
 3083753 
 6068953 
 2070134 
 5085416 
 989094 
 4001626 
 3149414 
 3053341 
 7010803 
 2995872 
 6069118 
 6085230 
 1167218 
 2119078 
 7015643 
 4185800 
 7172430 
 95528 
 3125657 
 3999206 
 7142073 
 6087485 
 7146583 
 1167108 
 7097529 
 4152528 
 5015300 
 3153539 
 7116721 
 139797 
 6114817 
 5164332 
 149037 
 3006762 
 6115477 
 7035110 
 3130167 
 2067934 
 6140774 
 3187416 
 5114343 
 5103563 
 5064574 
 3055321 
 3174931 
 4052055 
 5004355 
 4131961 
 5005510 
 6063123 
 3101900 
 14467 
 5015575 
 6137034 
 1126469 
 171529 
 1141976 
 2122048 
 7037695 
 5089486 
 4062175 
 13532 
 7061727 
 7111221 
 2133158 
 4180355 
 7089499 
 4155223 
 3076328 
 1178768 
 2003373 
 3124557 
 4130531 
 2101261 
 7111606 
 5167247 
 7163795 
 3159479 
 6160681 
 7084329 
 7018943 
 7090819 
 2171377 
 1095342 
 5061714 
 2004638 
 4151098 
 4003881 
 1152921 
 4112989 
 4030388 
 6009174 
 5108678 
 1145991 
 3022599 
 2052097 
 3129837 
 23762 
 1052668 
 5036967 
 990194 
 6137694 
 170264 
 2996642 
 6109702 
 1023301 
 7167920 
 1049918 
 6135659 
 149587 
 2070684 
 6110087 
 4102154 
 1176513 
 144142 
 2045937 
 3082378 
 2096421 
 991679 
 1069880 
 3161679 
 5114068 
 123190 
 4139551 
 3157829 
 1044363 
 6165081 
 1999743 
 7111001 
 3005662 
 3024854 
 4163088 
 7167810 
 4185745 
 6009229 
 6060538 
 7111056 
 3998216 
 119395 
 3100525 
 3157609 
 4007016 
 6036066 
 3125327 
 1039413 
 7138333 
 6083360 
 5163122 
 72156 
 996079 
 7167480 
 7115346 
 5157952 
 7090929 
 2157960 
 5134580 
 1142306 
 6017974 
 3105970 
 3155904 
 2022620 
 3003352 
 3021774 
 4109909 
 6110692 
 144032 
 1027756 
 5117313 
 125555 
 6161396 
 7985320 
 1142801 
 6004829 
 6004884 
 6066863 
 7112376 
 3027164 
 2995157 
 6066423 
 6039146 
 48454 
 169494 
 2182982 
 5010075 
 4002286 
 4023678 
 1044528 
 7110121 
 4030168 
 145682 
 1170573 
 4077407 
 3031674 
 7015148 
 2081354 
 1167933 
 5013045 
 4000746 
 6161561 
 6016874 
 7019383 
 2100931 
 3081388 
 5065289 
 1995453 
 4034898 
 1995178 
 5033062 
 5009745 
 4129651 
 2052042 
 6018744 
 3053891 
 2153120 
 1067515 
 2153835 
 5081786 
 2174897 
 3135062 
 6093205 
 1078240 
 3081333 
 5029487 
 117470 
 2006398 
 5135790 
 4028573 
 4053320 
 4060030 
 2126833 
 6016489 
 4108809 
 2174127 
 2144210 
 4163968 
 6141049 
 119725 
 6115312 
 62696 
 2056717 
 3049436 
 4077737 
 4003771 
 1995398 
 2176822 
 5063254 
 6009559 
 72596 
 11772 
 5006940 
 2004033 
 2145090 
 7121176 
 6132909 
 6134779 
 3180156 
 5114893 
 3029199 
 3024964 
 7163135 
 7986640 
 7119471 
 1153031 
 7994615 
 3158709 
 1096222 
 1024621 
 2018440 
 7019218 
 7136078 
 3020509 
 117360 
 149202 
 7135913 
 7174630 
 1176623 
 1115689 
 3075173 
 91128 
 1098587 
 5029542 
 70946 
 2077119 
 4176010 
 7116336 
 122145 
 7992580 
 2102196 
 5106533 
 3160139 
 1064930 
 7145483 
 6063233 
 1992153 
 4101879 
 2174017 
 6167336 
 5002705 
 4023788 
 4027638 
 5131610 
 1991933 
 4126076 
 1091052 
 174884 
 7033955 
 2078384 
 3998436 
 4134271 
 2006013 
 2120508 
 2017395 
 7998025 
 1022311 
 1052503 
 3160359 
 2095651 
 1144341 
 2071124 
 4006136 
 6168986 
 6085120 
 5058854 
 1994573 
 6010164 
 4187010 
 1143901 
 1099797 
 4107654 
 1991658 
 4188935 
 5008700 
 1094682 
 1097322 
 5131665 
 3046631 
 7109186 
 2022895 
 2123478 
 2004198 
 7149223 
 126270 
 1092537 
 4133006 
 4035503 
 2122103 
 3009182 
 5160097 
 1098367 
 1017636 
 6110802 
 1046508 
 3176471 
 6016049 
 1051953 
 7112706 
 89148 
 3183951 
 2095376 
 5115773 
 2151140 
 7999070 
 7096319 
 7014378 
 3159644 
 2103736 
 3052791 
 5031027 
 6032876 
 3076218 
 5082226 
 114995 
 2104506 
 99543 
 7111386 
 6061198 
 72101 
 1023796 
 4181675 
 4127781 
 6159581 
 2152350 
 6167721 
 3124227 
 4078452 
 6087760 
 139962 
 7061617 
 2073654 
 4088847 
 5161472 
 4081532 
 7121286 
 1023246 
 4062560 
 3059281 
 5008645 
 7035880 
 2018055 
 43889 
 3106850 
 6061033 
 3123677 
 5061604 
 4105069 
 2099556 
 6171076 
 7140423 
 4076197 
 2121003 
 4057225 
 3054881 
 3107675 
 38774 
 4012516 
 2019760 
 3078363 
 6043711 
 5013650 
 3153429 
 7020098 
 6066588 
 5060724 
 43064 
 175599 
 5130730 
 7993625 
 1078845 
 2173247 
 1042493 
 19802 
 5113133 
 7160660 
 4053650 
 170759 
 6082700 
 5039332 
 5159382 
 2106376 
 5163782 
 2126008 
 6116742 
 2102471 
 2181827 
 112685 
 1169638 
 7037805 
 6160846 
 4126901 
 65611 
 7123156 
 2132058 
 2128538 
 25302 
 1092207 
 1066690 
 7020868 
 6005049 
 7065962 
 3005277 
 4158468 
 7169570 
 4030058 
 66106 
 2183972 
 4181840 
 5092126 
 3109930 
 4086922 
 7116501 
 1146431 
 7993350 
 169714 
 5105928 
 1179978 
 4079057 
 7020263 
 4112274 
 2172972 
 168284 
 3058291 
 73641 
 5142555 
 7085319 
 6043821 
 164984 
 3158544 
 7989060 
 2145970 
 1066580 
 4176560 
 2177977 
 3002747 
 1176128 
 145242 
 5062044 
 4184645 
 173564 
 4133171 
 3003792 
 1101777 
 4133061 
 7045010 
 166359 
 7145538 
 6158756 
 119450 
 2047807 
 7112266 
 1001359 
 5165377 
 1143516 
 3001977 
 4024393 
 1046563 
 1076700 
 7990655 
 3047566 
 7060132 
 4177275 
 37399 
 7173310 
 4053210 
 5011505 
 5056544 
 4025163 
 1153746 
 1155231 
 6029796 
 1120089 
 3129452 
 1119924 
 7093239 
 6062298 
 6171406 
 2098896 
 5014035 
 1998203 
 1999578 
 4034403 
 4029343 
 1168538 
 2024545 
 1167163 
 1044088 
 1119979 
 69626 
 5029927 
 1053823 
 65281 
 3130332 
 122090 
 5130345 
 3009347 
 2146520 
 4152913 
 4024998 
 3185161 
 2999282 
 5061109 
 6033701 
 2146465 
 1172553 
 2068869 
 7069317 
 5079366 
 64291 
 2056552 
 2095211 
 7137618 
 2073929 
 4032258 
 7991095 
 5054124 
 6015664 
 5109723 
 1044473 
 3100085 
 4051010 
 4179035 
 127040 
 994594 
 6008789 
 2106101 
 6037661 
 2020805 
 2045057 
 75511 
 1174698 
 2123863 
 2056992 
 4075097 
 5084316 
 1098202 
 7988510 
 2018220 
 991789 
 2995927 
 2044232 
 998224 
 7069372 
 1049698 
 5083271 
 7071517 
 1024346 
 1173488 
 1148081 
 4126516 
 4133941 
 120715 
 1166613 
 3008357 
 5164112 
 5039497 
 99818 
 7067722 
 6140334 
 6058008 
 5039442 
 6033316 
 2000238 
 6084900 
 4062395 
 3123072 
 66601 
 2183532 
 1116294 
 150082 
 4131466 
 5114508 
 12322 
 115765 
 5065124 
 6033426 
 2174952 
 6136044 
 4024338 
 7987850 
 1066745 
 2179242 
 5035812 
 2156860 
 6141709 
 4004541 
 5066609 
 6160351 
 4156598 
 165149 
 5105543 
 5011065 
 996134 
 4138011 
 6138574 
 5035757 
 14522 
 6109427 
 3048996 
 4139716 
 2018165 
 4151978 
 3178286 
 5061164 
 5014585 
 1179428 
 6109262 
 5082941 
 4181180 
 1998698 
 6114377 
 3030244 
 66986 
 7045780 
 2130408 
 3007367 
 4057940 
 1028581 
 2017615 
 4129926 
 1099742 
 7110781 
 142712 
 44109 
 1076425 
 2106871 
 2031145 
 2119848 
 7121726 
 993219 
 2025315 
 4110239 
 4107709 
 4114309 
 2094111 
 5156742 
 7997475 
 3020234 
 61596 
 5031137 
 3023809 
 1151931 
 4164683 
 5053079 
 7173640 
 40754 
 6056028 
 4161823 
 7116006 
 5056159 
 173399 
 4007676 
 68471 
 2070299 
 1043428 
 94868 
 7135583 
 5061054 
 1000424 
 69351 
 2119353 
 2001283 
 4127891 
 3074073 
 7097199 
 7985815 
 5135735 
 7059472 
 1047608 
 2018880 
 1155616 
 2120618 
 1067020 
 7035715 
 1117009 
 24697 
 4154948 
 4158908 
 61541 
 39544 
 5015630 
 7098079 
 6111132 
 3050756 
 7987355 
 1053878 
 2107201 
 6038486 
 37674 
 4034568 
 6017204 
 3103825 
 7033735 
 12982 
 6069888 
 14632 
 6006589 
 1141536 
 7138663 
 1102547 
 6059548 
 2030210 
 3020289 
 3060381 
 4083182 
 1028196 
 989919 
 4164243 
 4164793 
 2179572 
 3049546 
 6005324 
 3186261 
 5142170 
 5009635 
 3184061 
 147112 
 6086165 
 3104100 
 36849 
 4154563 
 4099954 
 118515 
 168009 
 2046597 
 5065234 
 2148225 
 1149126 
 3073523 
 1077140 
 6065543 
 3999921 
 7143283 
 2128428 
 7171990 
 1077525 
 7011793 
 3178616 
 5116763 
 1994518 
 7136738 
 3079078 
 1168923 
 1017911 
 7174245 
 3107400 
 1021706 
 3175041 
 7134813 
 6166071 
 7123596 
 4101769 
 138917 
 7064972 
 2042857 
 7109516 
 2175172 
 4034348 
 3186371 
 3158929 
 3097005 
 5058634 
 3106190 
 20902 
 3175866 
 6068348 
 149642 
 3125547 
 3052351 
 71496 
 6034581 
 5154432 
 45979 
 74136 
 4056235 
 7069812 
 3080178 
 1144726 
 3079628 
 69406 
 2183752 
 1154351 
 2152570 
 2107916 
 7085869 
 5079586 
 7996980 
 3085733 
 3004012 
 2045497 
 6059878 
 23487 
 64456 
 7015258 
 2049347 
 3030134 
 1018021 
 15292 
 6132524 
 2182212 
 7043745 
 6158481 
 7021088 
 166964 
 4128276 
 1051073 
 2022510 
 3083313 
 2172697 
 1125479 
 5110163 
 2182817 
 2005848 
 2079044 
 1117339 
 4087967 
 4088187 
 7036100 
 5053739 
 7136243 
 69076 
 4132786 
 1170188 
 3181256 
 2024325 
 6092985 
 4111724 
 1147421 
 21122 
 2180122 
 5053684 
 2996202 
 95198 
 3148919 
 1044693 
 2121498 
 5040927 
 7011518 
 3178121 
 1178878 
 1077470 
 5009085 
 5085471 
 6085945 
 2170387 
 4025108 
 3020564 
 1073345 
 5168017 
 171749 
 2030760 
 5001825 
 7140863 
 7093074 
 7165610 
 4180795 
 3024414 
 101303 
 3108720 
 2119958 
 6110747 
 119945 
 3032224 
 5116158 
 3133412 
 7060022 
 4100339 
 176974 
 4177550 
 4132236 
 4037428 
 2126558 
 5031577 
 93108 
 7987135 
 4151318 
 7011408 
 2046982 
 6035571 
 74356 
 1042383 
 2148390 
 5004025 
 7143723 
 94923 
 1996993 
 4030498 
 1003174 
 1141866 
 3104540 
 4159513 
 4109469 
 5107798 
 7039675 
 5155697 
 7148398 
 3128572 
 67206 
 2122818 
 5002430 
 6013574 
 99708 
 1019836 
 1116789 
 6030566 
 6108107 
 151127 
 1129329 
 6068568 
 3147929 
 1115744 
 6063068 
 2095596 
 6086385 
 140457 
 992999 
 115325 
 5154377 
 5164772 
 4108314 
 3048501 
 5091631 
 113400 
 2004803 
 1174643 
 2183642 
 3156399 
 2103791 
 4009931 
 5105268 
 3147984 
 6134889 
 7115016 
 6111242 
 6109372 
 990029 
 2180287 
 991569 
 5052474 
 142162 
 2081024 
 3152604 
 16392 
 3998326 
 4125801 
 6137914 
 7034175 
 1014501 
 2000183 
 3155354 
 118955 
 2144870 
 5032017 
 2045002 
 3005552 
 7995165 
 45374 
 1155176 
 1041778 
 4153848 
 2100051 
 4100614 
 7008163 
 4157038 
 7987465 
 71551 
 6157876 
 163994 
 89258 
 2178197 
 5133205 
 2024215 
 6035296 
 2022400 
 3085348 
 3152879 
 7019823 
 1077360 
 74521 
 2055727 
 5066279 
 4024778 
 4185525 
 4133666 
 2082289 
 3108885 
 3156069 
 3150624 
 4106994 
 3072698 
 1046728 
 2054847 
 4125086 
 2094991 
 6169426 
 2128153 
 1126744 
 7090489 
 7036155 
 3105805 
 7086474 
 100588 
 2144980 
 7046440 
 7161595 
 2104286 
 5005840 
 3054276 
 2079814 
 3131322 
 6107392 
 4001186 
 4079882 
 75401 
 6111297 
 6064443 
 6057843 
 3184281 
 4029013 


